00100111x 0 8 8
0010011xx 1 7 7
001001x1x 1 6 6
00100x11x 1 5 5
00100x1x1 1 5 5
00100xx11 1 5 5
001010x11 0 6 6
001010x1x 1 6 6
001010xx1 1 6 6
001011x0x 1 6 6
001011x10 0 6 6
001011xx0 1 6 6
001011xxx 0 6 6
00101xx01 1 5 5
00101xx10 1 5 5
00101xx1x 0 5 5
00101xxx1 0 5 5
00101xxxx 1 5 5
0010x011x 1 4 4
0010x01x1 1 4 4
0010x0x11 1 4 4
0010x110x 1 4 4
0010x1110 0 4 4
0010x11x0 1 4 4
0010x11xx 0 4 4
0010x1x10 1 4 4
0010x1x1x 0 4 4
0010x1xxx 1 4 4
0010xx101 1 4 4
0010xx110 1 4 4
0010xx11x 0 4 4
0010xx1x1 0 4 4
0010xx1xx 1 4 4
0010xxx11 0 4 4
0010xxx1x 1 4 4
0010xxxx1 1 4 4
00110011x 0 8 8
0011001x1 0 7 7
0011001xx 1 7 7
001100x11 0 0 0
001100x1x 1 6 6
001100xx1 1 6 6
00110101x 0 8 8
0011010xx 1 7 7
001101xxx 0 6 6
00110x011 0 0 0
00110x01x 1 5 5
00110x0x1 1 5 5
00110x1xx 0 5 5
00110xx1x 0 5 5
00110xxx1 0 5 5
00110xxxx 1 5 5
00111001x 0 0 0
0011100x1 0 0 0
0011100xx 1 0 0
001110x01 0 0 0
001110x0x 1 6 6
001110x10 0 0 0
001110xx0 1 6 6
001110xxx 0 7 7
00111x001 0 0 0
00111x00x 1 5 5
00111x010 0 0 0
00111x0x0 1 5 5
00111x0xx 0 7 7
00111xx00 1 5 5
00111xx0x 0 5 5
00111xxx0 0 5 5
0011x0011 0 0 0
0011x001x 1 0 0
0011x00x1 1 0 0
0011x0101 0 4 4
0011x010x 1 4 4
0011x0110 0 4 4
0011x01x0 1 4 4
0011x01xx 0 4 4
0011x0x01 1 6 6
0011x0x10 1 6 6
0011x0x1x 0 4 4
0011x0xx1 0 4 4
0011x0xxx 1 4 4
0011x100x 1 4 4
0011x1010 0 4 4
0011x10x0 1 4 4
0011x10xx 0 4 4
0011x1100 0 4 4
0011x1x00 1 4 4
0011x1x0x 0 4 4
0011x1xx0 0 4 4
0011xx001 1 5 5
0011xx010 1 5 5
0011xx01x 0 4 4
0011xx0x1 0 4 4
0011xx0xx 1 4 4
0011xx100 1 4 4
0011xx10x 0 4 4
0011xx1x0 0 4 4
0011xxx01 0 4 4
0011xxx0x 1 4 4
0011xxx10 0 4 4
0011xxxx0 1 4 4
0011xxxxx 0 4 4
001x0011x 1 3 3
001x001x1 1 3 3
001x00x11 1 6 6
001x0101x 1 3 3
001x011xx 0 3 3
001x01x1x 0 3 3
001x01xxx 1 3 3
001x0x011 1 5 5
001x0x11x 0 3 3
001x0x1x1 0 3 3
001x0x1xx 1 3 3
001x0xx11 0 3 3
001x0xx1x 1 3 3
001x0xxx1 1 3 3
001x10011 0 3 3
001x1001x 1 8 8
001x100x1 1 7 7
001x10x01 1 6 6
001x10x10 1 6 6
001x10x1x 0 3 3
001x10xx1 0 3 3
001x10xxx 1 3 3
001x1100x 1 3 3
001x11010 0 3 3
001x110x0 1 3 3
001x110xx 0 3 3
001x11x00 1 3 3
001x11x0x 0 3 3
001x11xx0 0 3 3
001x1x001 1 5 5
001x1x010 1 5 5
001x1x01x 0 3 3
001x1x0x1 0 3 3
001x1x0xx 1 3 3
001x1xx01 0 3 3
001x1xx0x 1 3 3
001x1xx10 0 3 3
001x1xxx0 1 3 3
001x1xxxx 0 3 3
001xx0011 1 4 4
001xx0101 1 3 3
001xx0110 1 3 3
001xx011x 0 3 3
001xx01x1 0 3 3
001xx01xx 1 3 3
001xx0x11 0 3 3
001xx0x1x 1 3 3
001xx0xx1 1 3 3
001xx1010 1 3 3
001xx101x 0 3 3
001xx10xx 1 3 3
001xx1100 1 3 3
001xx110x 0 3 3
001xx11x0 0 3 3
001xx1x0x 1 3 3
001xx1x10 0 3 3
001xx1xx0 1 3 3
001xx1xxx 0 3 3
001xxx011 0 3 3
001xxx01x 1 3 3
001xxx0x1 1 3 3
001xxx101 0 3 3
001xxx10x 1 3 3
001xxx110 0 3 3
001xxx1x0 1 3 3
001xxx1xx 0 3 3
001xxxx01 1 3 3
001xxxx10 1 3 3
001xxxx1x 0 3 3
001xxxxx1 0 3 3
001xxxxxx 1 3 3
00x00111x 1 2 2
00x0011x1 1 2 2
00x001x11 1 2 2
00x01011x 1 2 2
00x0101x1 1 2 2
00x010x11 1 2 2
00x011101 0 2 2
00x01110x 1 2 2
00x011110 0 2 2
00x0111x0 1 2 2
00x0111xx 0 2 2
00x011x01 1 2 2
00x011x10 1 2 2
00x011x1x 0 2 2
00x011xx1 0 2 2
00x011xxx 1 2 2
00x01x101 1 2 2
00x01x110 1 2 2
00x01x11x 0 2 2
00x01x1x1 0 2 2
00x01x1xx 1 2 2
00x01xx11 0 2 2
00x01xx1x 1 2 2
00x01xxx1 1 2 2
00x0x1101 1 2 2
00x0x1110 1 2 2
00x0x111x 0 2 2
00x0x11x1 0 2 2
00x0x11xx 1 2 2
00x0x1x11 0 2 2
00x0x1x1x 1 2 2
00x0x1xx1 1 2 2
00x0xx11x 1 2 2
00x0xx1x1 1 2 2
00x0xxx11 1 2 2
00x10011x 1 2 2
00x1001x1 1 2 2
00x100x11 1 6 6
00x101011 0 2 2
00x10101x 1 2 2
00x1010x1 1 2 2
00x1011xx 0 2 2
00x101x1x 0 2 2
00x101xx1 0 2 2
00x101xxx 1 2 2
00x10x011 1 5 5
00x10x11x 0 2 2
00x10x1x1 0 2 2
00x10x1xx 1 2 2
00x10xx11 0 2 2
00x10xx1x 1 2 2
00x10xxx1 1 2 2
00x110011 0 2 2
00x11001x 1 8 8
00x1100x1 1 7 7
00x110101 0 2 2
00x11010x 1 2 2
00x110110 0 2 2
00x1101x0 1 2 2
00x1101xx 0 2 2
00x110x01 1 6 6
00x110x10 1 6 6
00x110x1x 0 2 2
00x110xx1 0 2 2
00x110xxx 1 2 2
00x11x001 1 5 5
00x11x010 1 5 5
00x11x01x 0 2 2
00x11x0x1 0 2 2
00x11x0xx 1 2 2
00x11x100 1 2 2
00x11x10x 0 2 2
00x11x1x0 0 2 2
00x11xx01 0 2 2
00x11xx0x 1 2 2
00x11xx10 0 2 2
00x11xxx0 1 2 2
00x11xxxx 0 2 2
00x1x0011 1 4 4
00x1x0101 1 2 2
00x1x0110 1 2 2
00x1x011x 0 2 2
00x1x01x1 0 2 2
00x1x01xx 1 2 2
00x1x0x11 0 2 2
00x1x0x1x 1 2 2
00x1x0xx1 1 2 2
00x1x1001 1 2 2
00x1x1010 1 2 2
00x1x101x 0 2 2
00x1x10x1 0 2 2
00x1x10xx 1 2 2
00x1x1100 1 2 2
00x1x110x 0 2 2
00x1x11x0 0 2 2
00x1x1x01 0 2 2
00x1x1x0x 1 2 2
00x1x1x10 0 2 2
00x1x1xx0 1 2 2
00x1x1xxx 0 2 2
00x1xx011 0 2 2
00x1xx01x 1 2 2
00x1xx0x1 1 2 2
00x1xx101 0 2 2
00x1xx10x 1 2 2
00x1xx110 0 2 2
00x1xx1x0 1 2 2
00x1xx1xx 0 2 2
00x1xxx01 1 2 2
00x1xxx10 1 2 2
00x1xxx1x 0 2 2
00x1xxxx1 0 2 2
00x1xxxxx 1 2 2
00xx01011 1 2 2
00xx0111x 0 2 2
00xx011x1 0 2 2
00xx011xx 1 2 2
00xx01x11 0 2 2
00xx01x1x 1 2 2
00xx01xx1 1 2 2
00xx0x11x 1 2 2
00xx0x1x1 1 2 2
00xx0xx11 1 2 2
00xx10011 1 2 2
00xx10101 1 2 2
00xx10110 1 2 2
00xx1011x 0 2 2
00xx101x1 0 2 2
00xx101xx 1 2 2
00xx10x11 0 2 2
00xx10x1x 1 2 2
00xx10xx1 1 2 2
00xx11001 1 2 2
00xx11010 1 2 2
00xx1101x 0 2 2
00xx110x1 0 2 2
00xx110xx 1 2 2
00xx11100 1 2 2
00xx1110x 0 2 2
00xx111x0 0 2 2
00xx11x01 0 2 2
00xx11x0x 1 2 2
00xx11x10 0 2 2
00xx11xx0 1 2 2
00xx11xxx 0 2 2
00xx1x011 0 2 2
00xx1x01x 1 2 2
00xx1x0x1 1 2 2
00xx1x101 0 2 2
00xx1x10x 1 2 2
00xx1x110 0 2 2
00xx1x1x0 1 2 2
00xx1x1xx 0 2 2
00xx1xx01 1 2 2
00xx1xx10 1 2 2
00xx1xx1x 0 2 2
00xx1xxx1 0 2 2
00xx1xxxx 1 2 2
00xxx011x 1 2 2
00xxx01x1 1 2 2
00xxx0x11 1 2 2
00xxx1011 0 2 2
00xxx101x 1 2 2
00xxx10x1 1 2 2
00xxx1101 0 2 2
00xxx110x 1 2 2
00xxx1110 0 2 2
00xxx11x0 1 2 2
00xxx11xx 0 2 2
00xxx1x01 1 2 2
00xxx1x10 1 2 2
00xxx1x1x 0 2 2
00xxx1xx1 0 2 2
00xxx1xxx 1 2 2
00xxxx011 1 2 2
00xxxx101 1 2 2
00xxxx110 1 2 2
00xxxx11x 0 2 2
00xxxx1x1 0 2 2
00xxxx1xx 1 2 2
00xxxxx11 0 2 2
00xxxxx1x 1 2 2
00xxxxxx1 1 2 2
01000111x 0 8 8
0100011x1 0 0 0
0100011xx 1 7 7
010001x11 0 6 6
010001x1x 1 6 6
010001xx1 1 7 7
01000x11x 1 5 5
01000x1x1 1 7 7
01000xx11 1 5 5
0100101x1 0 0 0
0100101xx 1 7 7
010010xx1 1 7 7
01001110x 0 0 0
0100111x0 0 0 0
010011x01 0 6 6
010011x0x 1 8 8
010011xx0 1 7 7
010011xxx 0 6 6
01001x101 0 0 0
01001x10x 1 0 0
01001x1x0 1 7 7
01001x1xx 0 5 5
01001xx01 1 5 5
01001xxx1 0 5 5
01001xxxx 1 5 5
0100x011x 1 4 4
0100x01x1 1 7 7
0100x0x11 1 4 4
0100x1101 0 0 0
0100x110x 1 0 0
0100x1110 0 4 4
0100x11x0 1 7 7
0100x11xx 0 4 4
0100x1x01 1 4 4
0100x1x10 1 4 4
0100x1x1x 0 4 4
0100x1xx1 0 4 4
0100x1xxx 1 4 4
0100xx101 1 0 0
0100xx110 1 4 4
0100xx11x 0 4 4
0100xx1x1 0 4 4
0100xx1xx 1 4 4
0100xxx11 0 4 4
0100xxx1x 1 4 4
0100xxxx1 1 4 4
01010011x 0 8 8
0101001x1 0 0 0
0101001xx 1 7 7
010100x11 0 6 6
010100x1x 1 6 6
010100xx1 1 7 7
01010110x 0 8 8
010101x01 0 6 6
010101x0x 1 6 6
010101xxx 0 6 6
01010x101 0 0 0
01010x10x 1 5 5
01010x1xx 0 5 5
01010xx01 1 5 5
01010xx1x 0 5 5
01010xxx1 0 5 5
01010xxxx 1 5 5
0101100x1 0 0 0
0101100xx 1 7 7
01011010x 0 8 8
010110x01 0 0 0
010110x0x 1 6 6
010110xxx 0 6 6
01011x001 0 0 0
01011x00x 1 5 5
01011x0x0 1 5 5
01011x0xx 0 5 5
01011x100 0 5 5
01011xx00 1 5 5
01011xx0x 0 5 5
01011xxx0 0 5 5
0101x0011 0 4 4
0101x001x 1 4 4
0101x00x1 1 7 7
0101x0101 0 0 0
0101x010x 1 4 4
0101x01xx 0 4 4
0101x0x01 1 0 0
0101x0x1x 0 4 4
0101x0xx1 0 4 4
0101x0xxx 1 4 4
0101x1001 0 4 4
0101x100x 1 4 4
0101x1010 0 4 4
0101x10x0 1 4 4
0101x10xx 0 4 4
0101x1100 0 4 4
0101x1x00 1 4 4
0101x1x0x 0 4 4
0101x1xx0 0 4 4
0101xx001 1 5 5
0101xx010 1 4 4
0101xx01x 0 4 4
0101xx0x1 0 4 4
0101xx0xx 1 4 4
0101xx100 1 4 4
0101xx10x 0 4 4
0101xx1x0 0 4 4
0101xxx01 0 4 4
0101xxx0x 1 4 4
0101xxx10 0 4 4
0101xxxx0 1 4 4
0101xxxxx 0 4 4
010x0011x 1 3 3
010x001x1 1 7 7
010x00x11 1 3 3
010x01101 0 0 0
010x0110x 1 3 3
010x011xx 0 3 3
010x01x01 1 3 3
010x01x1x 0 3 3
010x01xx1 0 3 3
010x01xxx 1 3 3
010x0x101 1 0 0
010x0x11x 0 3 3
010x0x1x1 0 3 3
010x0x1xx 1 3 3
010x0xx11 0 3 3
010x0xx1x 1 3 3
010x0xxx1 1 3 3
010x100x1 1 7 7
010x10101 0 0 0
010x1010x 1 3 3
010x101xx 0 3 3
010x10x01 1 0 0
010x10xx1 0 3 3
010x10xxx 1 3 3
010x11001 0 3 3
010x1100x 1 3 3
010x110x0 1 3 3
010x110xx 0 3 3
010x11100 0 0 0
010x11x00 1 3 3
010x11x0x 0 3 3
010x11xx0 0 3 3
010x1x001 1 5 5
010x1x0x1 0 3 3
010x1x0xx 1 3 3
010x1x100 1 3 3
010x1x10x 0 5 5
010x1x1x0 0 3 3
010x1xx01 0 3 3
010x1xx0x 1 3 3
010x1xxx0 1 3 3
010x1xxxx 0 3 3
010xx0011 1 3 3
010xx0101 1 0 0
010xx011x 0 3 3
010xx01x1 0 3 3
010xx01xx 1 3 3
010xx0x11 0 3 3
010xx0x1x 1 3 3
010xx0xx1 1 3 3
010xx1001 1 3 3
010xx1010 1 3 3
010xx101x 0 3 3
010xx10x1 0 3 3
010xx10xx 1 3 3
010xx1100 1 3 3
010xx110x 0 4 4
010xx11x0 0 3 3
010xx1x01 0 3 3
010xx1x0x 1 3 3
010xx1x10 0 3 3
010xx1xx0 1 3 3
010xx1xxx 0 3 3
010xxx011 0 3 3
010xxx01x 1 3 3
010xxx0x1 1 3 3
010xxx101 0 0 0
010xxx10x 1 3 3
010xxx110 0 3 3
010xxx1x0 1 3 3
010xxx1xx 0 3 3
010xxxx01 1 3 3
010xxxx10 1 3 3
010xxxx1x 0 3 3
010xxxxx1 0 3 3
010xxxxxx 1 3 3
01100110x 0 8 8
011001x0x 1 6 6
011001xxx 0 6 6
01100x101 0 5 5
01100x10x 1 5 5
01100x1xx 0 5 5
01100xx01 1 5 5
01100xx1x 0 5 5
01100xxx1 0 5 5
01100xxxx 1 5 5
011010x01 0 6 6
011010x0x 1 6 6
011010xx0 1 6 6
011010xxx 0 6 6
011011x00 0 6 6
01101xx00 1 5 5
01101xx0x 0 5 5
01101xxx0 0 5 5
0110x0101 0 4 4
0110x010x 1 4 4
0110x0110 0 4 4
0110x01x0 1 4 4
0110x01xx 0 4 4
0110x0x01 1 4 4
0110x0x10 1 4 4
0110x0x1x 0 4 4
0110x0xx1 0 4 4
0110x0xxx 1 4 4
0110x1100 0 4 4
0110x1x00 1 4 4
0110x1x0x 0 4 4
0110x1xx0 0 4 4
0110xx100 1 4 4
0110xx10x 0 4 4
0110xx1x0 0 4 4
0110xxx01 0 4 4
0110xxx0x 1 4 4
0110xxx10 0 4 4
0110xxxx0 1 4 4
0110xxxxx 0 4 4
01110001x 0 8 8
0111000x1 0 0 0
0111000xx 1 7 7
01110010x 0 8 8
011100x01 0 0 0
011100x0x 1 6 6
011100xxx 0 6 6
01110100x 0 8 8
01110x001 0 0 0
01110x00x 1 5 5
01110x0xx 0 5 5
01110xx0x 0 5 5
01111000x 0 8 8
0111100x0 0 7 7
011110x00 0 6 6
0111x0001 0 0 0
0111x000x 1 4 4
0111x0010 0 4 4
0111x00x0 1 4 4
0111x00xx 0 4 4
0111x0100 0 4 4
0111x0x00 1 4 4
0111x0x0x 0 4 4
0111x0xx0 0 4 4
0111xx00x 0 4 4
0111xx0x0 0 4 4
0111xxx00 0 4 4
011x00011 0 3 3
011x0001x 1 3 3
011x000x1 1 7 7
011x00101 0 3 3
011x0010x 1 3 3
011x001xx 0 3 3
011x00x01 1 6 6
011x00x1x 0 3 3
011x00xx1 0 3 3
011x00xxx 1 3 3
011x0100x 1 3 3
011x010xx 0 3 3
011x01x0x 0 3 3
011x0x001 1 5 5
011x0x01x 0 3 3
011x0x0x1 0 3 3
011x0x0xx 1 3 3
011x0x10x 0 3 3
011x0xx01 0 3 3
011x0xx0x 1 3 3
011x0xxxx 0 3 3
011x10001 0 3 3
011x1000x 1 3 3
011x100x0 1 3 3
011x100xx 0 3 3
011x10x00 1 3 3
011x10x0x 0 3 3
011x10xx0 0 3 3
011x1x00x 0 3 3
011x1x0x0 0 3 3
011x1xx00 0 3 3
011xx0001 1 4 4
011xx0010 1 3 3
011xx001x 0 3 3
011xx00x1 0 3 3
011xx00xx 1 3 3
011xx0100 1 3 3
011xx010x 0 3 3
011xx01x0 0 3 3
011xx0x01 0 3 3
011xx0x0x 1 3 3
011xx0x10 0 3 3
011xx0xx0 1 3 3
011xx0xxx 0 3 3
011xx100x 0 3 3
011xx10x0 0 3 3
011xx1x00 0 3 3
011xxx001 0 3 3
011xxx00x 1 3 3
011xxx010 0 3 3
011xxx0x0 1 3 3
011xxx0xx 0 3 3
011xxx100 0 3 3
011xxxx00 1 3 3
011xxxx0x 0 3 3
011xxxxx0 0 3 3
01x001101 0 0 0
01x00110x 1 2 2
01x0011xx 0 2 2
01x001x01 1 2 2
01x001x1x 0 2 2
01x001xx1 0 2 2
01x001xxx 1 2 2
01x00x101 1 2 2
01x00x11x 0 2 2
01x00x1x1 0 2 2
01x00x1xx 1 2 2
01x00xx11 0 2 2
01x00xx1x 1 2 2
01x00xxx1 1 2 2
01x010101 0 0 0
01x01010x 1 2 2
01x0101x0 1 2 2
01x0101xx 0 2 2
01x010x01 1 2 2
01x010xx1 0 2 2
01x010xxx 1 2 2
01x011100 0 0 0
01x011x00 1 2 2
01x011x0x 0 2 2
01x011xx0 0 2 2
01x01x100 1 2 2
01x01x10x 0 5 5
01x01x1x0 0 2 2
01x01xx01 0 2 2
01x01xx0x 1 2 2
01x01xxx0 1 2 2
01x01xxxx 0 2 2
01x0x0101 1 2 2
01x0x0110 1 2 2
01x0x011x 0 2 2
01x0x01x1 0 2 2
01x0x01xx 1 2 2
01x0x0x11 0 2 2
01x0x0x1x 1 2 2
01x0x0xx1 1 2 2
01x0x1100 1 2 2
01x0x110x 0 4 4
01x0x11x0 0 2 2
01x0x1x01 0 2 2
01x0x1x0x 1 2 2
01x0x1x10 0 2 2
01x0x1xx0 1 2 2
01x0x1xxx 0 2 2
01x0xx101 0 4 4
01x0xx10x 1 2 2
01x0xx110 0 2 2
01x0xx1x0 1 2 2
01x0xx1xx 0 2 2
01x0xxx01 1 2 2
01x0xxx10 1 2 2
01x0xxx1x 0 2 2
01x0xxxx1 0 2 2
01x0xxxxx 1 2 2
01x100011 0 2 2
01x10001x 1 2 2
01x1000x1 1 7 7
01x100101 0 0 0
01x10010x 1 2 2
01x1001xx 0 2 2
01x100x01 1 0 0
01x100x1x 0 2 2
01x100xx1 0 2 2
01x100xxx 1 2 2
01x101001 0 2 2
01x10100x 1 2 2
01x1010xx 0 2 2
01x101x0x 0 2 2
01x10x001 1 5 5
01x10x01x 0 2 2
01x10x0x1 0 2 2
01x10x0xx 1 2 2
01x10x10x 0 2 2
01x10xx01 0 2 2
01x10xx0x 1 2 2
01x10xxxx 0 2 2
01x110001 0 0 0
01x11000x 1 2 2
01x1100x0 1 2 2
01x1100xx 0 2 2
01x110100 0 2 2
01x110x00 1 2 2
01x110x0x 0 2 2
01x110xx0 0 2 2
01x11x00x 0 2 2
01x11x0x0 0 2 2
01x11xx00 0 2 2
01x1x0001 1 0 0
01x1x0010 1 2 2
01x1x001x 0 2 2
01x1x00x1 0 2 2
01x1x00xx 1 2 2
01x1x0100 1 2 2
01x1x010x 0 2 2
01x1x01x0 0 2 2
01x1x0x01 0 0 0
01x1x0x0x 1 2 2
01x1x0x10 0 2 2
01x1x0xx0 1 2 2
01x1x0xxx 0 2 2
01x1x100x 0 2 2
01x1x10x0 0 2 2
01x1x1x00 0 2 2
01x1xx001 0 2 2
01x1xx00x 1 2 2
01x1xx010 0 2 2
01x1xx0x0 1 2 2
01x1xx0xx 0 2 2
01x1xx100 0 2 2
01x1xxx00 1 2 2
01x1xxx0x 0 2 2
01x1xxxx0 0 2 2
01xx00011 1 2 2
01xx00101 1 2 2
01xx0011x 0 2 2
01xx001x1 0 2 2
01xx001xx 1 2 2
01xx00x11 0 2 2
01xx00x1x 1 2 2
01xx00xx1 1 2 2
01xx01001 1 2 2
01xx0101x 0 2 2
01xx010x1 0 2 2
01xx010xx 1 2 2
01xx0110x 0 2 2
01xx01x01 0 2 2
01xx01x0x 1 2 2
01xx01xxx 0 2 2
01xx0x011 0 2 2
01xx0x01x 1 2 2
01xx0x0x1 1 2 2
01xx0x101 0 3 3
01xx0x10x 1 2 2
01xx0x1xx 0 2 2
01xx0xx01 1 2 2
01xx0xx1x 0 2 2
01xx0xxx1 0 2 2
01xx0xxxx 1 2 2
01xx10001 1 2 2
01xx100x1 0 2 2
01xx100xx 1 2 2
01xx10100 1 2 2
01xx1010x 0 2 2
01xx101x0 0 2 2
01xx10x01 0 3 3
01xx10x0x 1 2 2
01xx10xx0 1 2 2
01xx10xxx 0 2 2
01xx1100x 0 2 2
01xx110x0 0 2 2
01xx11x00 0 2 2
01xx1x001 0 2 2
01xx1x00x 1 2 2
01xx1x0x0 1 2 2
01xx1x0xx 0 2 2
01xx1x100 0 2 2
01xx1xx00 1 2 2
01xx1xx0x 0 2 2
01xx1xxx0 0 2 2
01xxx0011 0 2 2
01xxx001x 1 2 2
01xxx00x1 1 2 2
01xxx0101 0 3 3
01xxx010x 1 2 2
01xxx0110 0 2 2
01xxx01x0 1 2 2
01xxx01xx 0 2 2
01xxx0x01 1 2 2
01xxx0x10 1 2 2
01xxx0x1x 0 2 2
01xxx0xx1 0 2 2
01xxx0xxx 1 2 2
01xxx1001 0 2 2
01xxx100x 1 2 2
01xxx1010 0 2 2
01xxx10x0 1 2 2
01xxx10xx 0 2 2
01xxx1100 0 2 2
01xxx1x00 1 2 2
01xxx1x0x 0 2 2
01xxx1xx0 0 2 2
01xxxx001 1 2 2
01xxxx010 1 2 2
01xxxx01x 0 2 2
01xxxx0x1 0 2 2
01xxxx0xx 1 2 2
01xxxx100 1 2 2
01xxxx10x 0 2 2
01xxxx1x0 0 2 2
01xxxxx01 0 2 2
01xxxxx0x 1 2 2
01xxxxx10 0 2 2
01xxxxxx0 1 2 2
01xxxxxxx 0 2 2
0x000111x 1 1 1
0x00011x1 1 7 7
0x0001x11 1 1 1
0x001011x 1 1 1
0x00101x1 1 7 7
0x0010x11 1 1 1
0x0011101 0 1 1
0x001110x 1 8 8
0x0011110 0 1 1
0x00111x0 1 7 7
0x00111xx 0 1 1
0x0011x01 1 1 1
0x0011x10 1 1 1
0x0011x1x 0 1 1
0x0011xx1 0 1 1
0x0011xxx 1 1 1
0x001x101 1 5 5
0x001x110 1 1 1
0x001x11x 0 1 1
0x001x1x1 0 1 1
0x001x1xx 1 1 1
0x001xx11 0 1 1
0x001xx1x 1 1 1
0x001xxx1 1 1 1
0x00x1101 1 4 4
0x00x1110 1 1 1
0x00x111x 0 1 1
0x00x11x1 0 1 1
0x00x11xx 1 1 1
0x00x1x11 0 1 1
0x00x1x1x 1 1 1
0x00x1xx1 1 1 1
0x00xx11x 1 1 1
0x00xx1x1 1 1 1
0x00xxx11 1 1 1
0x010011x 1 1 1
0x01001x1 1 7 7
0x0100x11 1 1 1
0x0101101 0 1 1
0x010110x 1 1 1
0x01011xx 0 1 1
0x0101x01 1 1 1
0x0101x1x 0 1 1
0x0101xx1 0 1 1
0x0101xxx 1 1 1
0x010x101 1 5 5
0x010x11x 0 1 1
0x010x1x1 0 1 1
0x010x1xx 1 1 1
0x010xx11 0 1 1
0x010xx1x 1 1 1
0x010xxx1 1 1 1
0x0110011 0 1 1
0x011001x 1 1 1
0x01100x1 1 7 7
0x0110101 0 1 1
0x011010x 1 1 1
0x01101xx 0 1 1
0x0110x01 1 6 6
0x0110x1x 0 1 1
0x0110xx1 0 1 1
0x0110xxx 1 1 1
0x011x001 1 5 5
0x011x010 1 1 1
0x011x01x 0 1 1
0x011x0x1 0 1 1
0x011x0xx 1 1 1
0x011x100 1 1 1
0x011x10x 0 1 1
0x011x1x0 0 1 1
0x011xx01 0 1 1
0x011xx0x 1 1 1
0x011xx10 0 1 1
0x011xxx0 1 1 1
0x011xxxx 0 1 1
0x01x0011 1 1 1
0x01x0101 1 4 4
0x01x011x 0 1 1
0x01x01x1 0 1 1
0x01x01xx 1 1 1
0x01x0x11 0 1 1
0x01x0x1x 1 1 1
0x01x0xx1 1 1 1
0x01x1001 1 1 1
0x01x1010 1 1 1
0x01x101x 0 1 1
0x01x10x1 0 1 1
0x01x10xx 1 1 1
0x01x1100 1 1 1
0x01x110x 0 1 1
0x01x11x0 0 1 1
0x01x1x01 0 1 1
0x01x1x0x 1 1 1
0x01x1x10 0 1 1
0x01x1xx0 1 1 1
0x01x1xxx 0 1 1
0x01xx011 0 1 1
0x01xx01x 1 1 1
0x01xx0x1 1 1 1
0x01xx101 0 1 1
0x01xx10x 1 1 1
0x01xx110 0 1 1
0x01xx1x0 1 1 1
0x01xx1xx 0 1 1
0x01xxx01 1 1 1
0x01xxx10 1 1 1
0x01xxx1x 0 1 1
0x01xxxx1 0 1 1
0x01xxxxx 1 1 1
0x0x01101 1 3 3
0x0x0111x 0 1 1
0x0x011x1 0 1 1
0x0x011xx 1 1 1
0x0x01x11 0 1 1
0x0x01x1x 1 1 1
0x0x01xx1 1 1 1
0x0x0x11x 1 1 1
0x0x0x1x1 1 1 1
0x0x0xx11 1 1 1
0x0x10011 1 1 1
0x0x10101 1 3 3
0x0x1011x 0 1 1
0x0x101x1 0 1 1
0x0x101xx 1 1 1
0x0x10x11 0 1 1
0x0x10x1x 1 1 1
0x0x10xx1 1 1 1
0x0x11001 1 1 1
0x0x11010 1 1 1
0x0x1101x 0 1 1
0x0x110x1 0 1 1
0x0x110xx 1 1 1
0x0x11100 1 3 3
0x0x1110x 0 1 1
0x0x111x0 0 1 1
0x0x11x01 0 1 1
0x0x11x0x 1 1 1
0x0x11x10 0 1 1
0x0x11xx0 1 1 1
0x0x11xxx 0 1 1
0x0x1x011 0 1 1
0x0x1x01x 1 1 1
0x0x1x0x1 1 1 1
0x0x1x101 0 1 1
0x0x1x10x 1 1 1
0x0x1x110 0 1 1
0x0x1x1x0 1 1 1
0x0x1x1xx 0 1 1
0x0x1xx01 1 1 1
0x0x1xx10 1 1 1
0x0x1xx1x 0 1 1
0x0x1xxx1 0 1 1
0x0x1xxxx 1 1 1
0x0xx011x 1 1 1
0x0xx01x1 1 1 1
0x0xx0x11 1 1 1
0x0xx1011 0 1 1
0x0xx101x 1 1 1
0x0xx10x1 1 1 1
0x0xx1101 0 1 1
0x0xx110x 1 1 1
0x0xx1110 0 1 1
0x0xx11x0 1 1 1
0x0xx11xx 0 1 1
0x0xx1x01 1 1 1
0x0xx1x10 1 1 1
0x0xx1x1x 0 1 1
0x0xx1xx1 0 1 1
0x0xx1xxx 1 1 1
0x0xxx011 1 1 1
0x0xxx101 1 3 3
0x0xxx110 1 1 1
0x0xxx11x 0 1 1
0x0xxx1x1 0 1 1
0x0xxx1xx 1 1 1
0x0xxxx11 0 1 1
0x0xxxx1x 1 1 1
0x0xxxxx1 1 1 1
0x100110x 1 1 1
0x10011xx 0 1 1
0x1001x1x 0 1 1
0x1001xxx 1 1 1
0x100x101 1 1 1
0x100x11x 0 1 1
0x100x1x1 0 1 1
0x100x1xx 1 1 1
0x100xx11 0 1 1
0x100xx1x 1 1 1
0x100xxx1 1 1 1
0x1010x01 1 1 1
0x1010x10 1 1 1
0x1010x1x 0 1 1
0x1010xx1 0 1 1
0x1010xxx 1 1 1
0x1011x00 1 1 1
0x1011x0x 0 1 1
0x1011xx0 0 1 1
0x101xx01 0 1 1
0x101xx0x 1 1 1
0x101xx10 0 1 1
0x101xxx0 1 1 1
0x101xxxx 0 1 1
0x10x0101 1 1 1
0x10x0110 1 1 1
0x10x011x 0 1 1
0x10x01x1 0 1 1
0x10x01xx 1 1 1
0x10x0x11 0 1 1
0x10x0x1x 1 1 1
0x10x0xx1 1 1 1
0x10x1100 1 1 1
0x10x110x 0 1 1
0x10x11x0 0 1 1
0x10x1x0x 1 1 1
0x10x1x10 0 1 1
0x10x1xx0 1 1 1
0x10x1xxx 0 1 1
0x10xx101 0 1 1
0x10xx10x 1 1 1
0x10xx110 0 1 1
0x10xx1x0 1 1 1
0x10xx1xx 0 1 1
0x10xxx01 1 1 1
0x10xxx10 1 1 1
0x10xxx1x 0 1 1
0x10xxxx1 0 1 1
0x10xxxxx 1 1 1
0x1100011 0 0 0
0x110001x 1 1 1
0x11000x1 1 0 0
0x1100101 0 1 1
0x110010x 1 1 1
0x11001xx 0 1 1
0x1100x01 1 6 6
0x1100x1x 0 1 1
0x1100xx1 0 1 1
0x1100xxx 1 1 1
0x110100x 1 1 1
0x11010xx 0 1 1
0x1101x0x 0 1 1
0x110x001 1 5 5
0x110x01x 0 1 1
0x110x0x1 0 1 1
0x110x0xx 1 1 1
0x110x10x 0 1 1
0x110xx01 0 1 1
0x110xx0x 1 1 1
0x110xxxx 0 1 1
0x1110001 0 0 0
0x111000x 1 1 1
0x1110010 0 0 0
0x11100x0 1 1 1
0x11100xx 0 7 7
0x1110x00 1 1 1
0x1110x0x 0 1 1
0x1110xx0 0 1 1
0x111x00x 0 1 1
0x111x0x0 0 1 1
0x111xx00 0 1 1
0x11x0001 1 0 0
0x11x0010 1 1 1
0x11x001x 0 4 4
0x11x00x1 0 0 0
0x11x00xx 1 1 1
0x11x0100 1 1 1
0x11x010x 0 1 1
0x11x01x0 0 1 1
0x11x0x01 0 1 1
0x11x0x0x 1 1 1
0x11x0x10 0 1 1
0x11x0xx0 1 1 1
0x11x0xxx 0 1 1
0x11x100x 0 1 1
0x11x10x0 0 1 1
0x11x1x00 0 1 1
0x11xx001 0 1 1
0x11xx00x 1 1 1
0x11xx010 0 1 1
0x11xx0x0 1 1 1
0x11xx0xx 0 1 1
0x11xx100 0 1 1
0x11xxx00 1 1 1
0x11xxx0x 0 1 1
0x11xxxx0 0 1 1
0x1x00011 1 1 1
0x1x00101 1 1 1
0x1x0011x 0 1 1
0x1x001x1 0 1 1
0x1x001xx 1 1 1
0x1x00x11 0 1 1
0x1x00x1x 1 1 1
0x1x00xx1 1 1 1
0x1x0101x 0 1 1
0x1x010xx 1 1 1
0x1x0110x 0 1 1
0x1x01x0x 1 1 1
0x1x01xxx 0 1 1
0x1x0x011 0 1 1
0x1x0x01x 1 1 1
0x1x0x0x1 1 1 1
0x1x0x101 0 1 1
0x1x0x10x 1 1 1
0x1x0x1xx 0 1 1
0x1x0xx01 1 1 1
0x1x0xx1x 0 1 1
0x1x0xxx1 0 1 1
0x1x0xxxx 1 1 1
0x1x10001 1 1 1
0x1x10010 1 1 1
0x1x1001x 0 1 1
0x1x100x1 0 1 1
0x1x100xx 1 1 1
0x1x10x01 0 1 1
0x1x10x0x 1 1 1
0x1x10x10 0 1 1
0x1x10xx0 1 1 1
0x1x10xxx 0 1 1
0x1x1100x 0 1 1
0x1x110x0 0 1 1
0x1x11x00 0 1 1
0x1x1x001 0 1 1
0x1x1x00x 1 1 1
0x1x1x010 0 1 1
0x1x1x0x0 1 1 1
0x1x1x0xx 0 1 1
0x1x1xx00 1 1 1
0x1x1xx0x 0 1 1
0x1x1xxx0 0 1 1
0x1xx0011 0 1 1
0x1xx001x 1 1 1
0x1xx00x1 1 1 1
0x1xx0101 0 1 1
0x1xx010x 1 1 1
0x1xx0110 0 1 1
0x1xx01x0 1 1 1
0x1xx01xx 0 1 1
0x1xx0x01 1 1 1
0x1xx0x10 1 1 1
0x1xx0x1x 0 1 1
0x1xx0xx1 0 1 1
0x1xx0xxx 1 1 1
0x1xx100x 1 1 1
0x1xx1010 0 1 1
0x1xx10x0 1 1 1
0x1xx10xx 0 1 1
0x1xx1100 0 1 1
0x1xx1x00 1 1 1
0x1xx1x0x 0 1 1
0x1xx1xx0 0 1 1
0x1xxx001 1 1 1
0x1xxx010 1 1 1
0x1xxx01x 0 1 1
0x1xxx0x1 0 1 1
0x1xxx0xx 1 1 1
0x1xxx100 1 1 1
0x1xxx10x 0 1 1
0x1xxx1x0 0 1 1
0x1xxxx01 0 1 1
0x1xxxx0x 1 1 1
0x1xxxx10 0 1 1
0x1xxxxx0 1 1 1
0x1xxxxxx 0 1 1
0xx001101 1 2 2
0xx00111x 0 1 1
0xx0011x1 0 1 1
0xx0011xx 1 1 1
0xx001x11 0 1 1
0xx001x1x 1 1 1
0xx001xx1 1 1 1
0xx00x11x 1 1 1
0xx00x1x1 1 1 1
0xx00xx11 1 1 1
0xx010101 1 2 2
0xx010110 1 1 1
0xx01011x 0 1 1
0xx0101x1 0 1 1
0xx0101xx 1 1 1
0xx010x11 0 1 1
0xx010x1x 1 1 1
0xx010xx1 1 1 1
0xx011100 1 2 2
0xx01110x 0 1 1
0xx0111x0 0 1 1
0xx011x01 0 1 1
0xx011x0x 1 1 1
0xx011x10 0 1 1
0xx011xx0 1 1 1
0xx011xxx 0 1 1
0xx01x101 0 1 1
0xx01x10x 1 1 1
0xx01x110 0 1 1
0xx01x1x0 1 1 1
0xx01x1xx 0 1 1
0xx01xx01 1 1 1
0xx01xx10 1 1 1
0xx01xx1x 0 1 1
0xx01xxx1 0 1 1
0xx01xxxx 1 1 1
0xx0x011x 1 1 1
0xx0x01x1 1 1 1
0xx0x0x11 1 1 1
0xx0x1101 0 1 1
0xx0x110x 1 1 1
0xx0x1110 0 1 1
0xx0x11x0 1 1 1
0xx0x11xx 0 1 1
0xx0x1x01 1 1 1
0xx0x1x10 1 1 1
0xx0x1x1x 0 1 1
0xx0x1xx1 0 1 1
0xx0x1xxx 1 1 1
0xx0xx101 1 1 1
0xx0xx110 1 1 1
0xx0xx11x 0 1 1
0xx0xx1x1 0 1 1
0xx0xx1xx 1 1 1
0xx0xxx11 0 1 1
0xx0xxx1x 1 1 1
0xx0xxxx1 1 1 1
0xx100011 1 1 1
0xx100101 1 2 2
0xx10011x 0 1 1
0xx1001x1 0 1 1
0xx1001xx 1 1 1
0xx100x11 0 1 1
0xx100x1x 1 1 1
0xx100xx1 1 1 1
0xx101001 1 1 1
0xx10101x 0 1 1
0xx1010x1 0 1 1
0xx1010xx 1 1 1
0xx10110x 0 1 1
0xx101x01 0 1 1
0xx101x0x 1 1 1
0xx101xxx 0 1 1
0xx10x011 0 1 1
0xx10x01x 1 1 1
0xx10x0x1 1 1 1
0xx10x101 0 1 1
0xx10x10x 1 1 1
0xx10x1xx 0 1 1
0xx10xx01 1 1 1
0xx10xx1x 0 1 1
0xx10xxx1 0 1 1
0xx10xxxx 1 1 1
0xx110001 1 0 0
0xx110010 1 1 1
0xx11001x 0 1 1
0xx1100x1 0 1 1
0xx1100xx 1 1 1
0xx110100 1 1 1
0xx11010x 0 1 1
0xx1101x0 0 1 1
0xx110x01 0 1 1
0xx110x0x 1 1 1
0xx110x10 0 1 1
0xx110xx0 1 1 1
0xx110xxx 0 1 1
0xx11x001 0 1 1
0xx11x00x 1 1 1
0xx11x010 0 1 1
0xx11x0x0 1 1 1
0xx11x0xx 0 1 1
0xx11x100 0 1 1
0xx11xx00 1 1 1
0xx11xx0x 0 1 1
0xx11xxx0 0 1 1
0xx1x0011 0 1 1
0xx1x001x 1 1 1
0xx1x00x1 1 1 1
0xx1x0101 0 1 1
0xx1x010x 1 1 1
0xx1x0110 0 1 1
0xx1x01x0 1 1 1
0xx1x01xx 0 1 1
0xx1x0x01 1 2 2
0xx1x0x10 1 1 1
0xx1x0x1x 0 1 1
0xx1x0xx1 0 1 1
0xx1x0xxx 1 1 1
0xx1x1001 0 1 1
0xx1x100x 1 1 1
0xx1x1010 0 1 1
0xx1x10x0 1 1 1
0xx1x10xx 0 1 1
0xx1x1100 0 1 1
0xx1x1x00 1 1 1
0xx1x1x0x 0 1 1
0xx1x1xx0 0 1 1
0xx1xx001 1 1 1
0xx1xx010 1 1 1
0xx1xx01x 0 1 1
0xx1xx0x1 0 1 1
0xx1xx0xx 1 1 1
0xx1xx100 1 1 1
0xx1xx10x 0 1 1
0xx1xx1x0 0 1 1
0xx1xxx01 0 1 1
0xx1xxx0x 1 1 1
0xx1xxx10 0 1 1
0xx1xxxx0 1 1 1
0xx1xxxxx 0 1 1
0xxx0011x 1 1 1
0xxx001x1 1 1 1
0xxx00x11 1 1 1
0xxx01011 0 1 1
0xxx0101x 1 1 1
0xxx010x1 1 1 1
0xxx01101 0 1 1
0xxx0110x 1 1 1
0xxx011xx 0 1 1
0xxx01x01 1 1 1
0xxx01x1x 0 1 1
0xxx01xx1 0 1 1
0xxx01xxx 1 1 1
0xxx0x011 1 1 1
0xxx0x101 1 1 1
0xxx0x11x 0 1 1
0xxx0x1x1 0 1 1
0xxx0x1xx 1 1 1
0xxx0xx11 0 1 1
0xxx0xx1x 1 1 1
0xxx0xxx1 1 1 1
0xxx10011 0 1 1
0xxx1001x 1 1 1
0xxx100x1 1 1 1
0xxx10101 0 1 1
0xxx1010x 1 1 1
0xxx10110 0 1 1
0xxx101x0 1 1 1
0xxx101xx 0 1 1
0xxx10x01 1 1 1
0xxx10x10 1 1 1
0xxx10x1x 0 1 1
0xxx10xx1 0 1 1
0xxx10xxx 1 1 1
0xxx11001 0 1 1
0xxx1100x 1 1 1
0xxx11010 0 1 1
0xxx110x0 1 1 1
0xxx110xx 0 1 1
0xxx11100 0 1 1
0xxx11x00 1 1 1
0xxx11x0x 0 1 1
0xxx11xx0 0 1 1
0xxx1x001 1 1 1
0xxx1x010 1 1 1
0xxx1x01x 0 1 1
0xxx1x0x1 0 1 1
0xxx1x0xx 1 1 1
0xxx1x100 1 1 1
0xxx1x10x 0 1 1
0xxx1x1x0 0 1 1
0xxx1xx01 0 1 1
0xxx1xx0x 1 1 1
0xxx1xx10 0 1 1
0xxx1xxx0 1 1 1
0xxx1xxxx 0 1 1
0xxxx0011 1 1 1
0xxxx0101 1 1 1
0xxxx0110 1 1 1
0xxxx011x 0 1 1
0xxxx01x1 0 1 1
0xxxx01xx 1 1 1
0xxxx0x11 0 1 1
0xxxx0x1x 1 1 1
0xxxx0xx1 1 1 1
0xxxx1001 1 1 1
0xxxx1010 1 1 1
0xxxx101x 0 1 1
0xxxx10x1 0 1 1
0xxxx10xx 1 1 1
0xxxx1100 1 1 1
0xxxx110x 0 1 1
0xxxx11x0 0 1 1
0xxxx1x01 0 1 1
0xxxx1x0x 1 1 1
0xxxx1x10 0 1 1
0xxxx1xx0 1 1 1
0xxxx1xxx 0 1 1
0xxxxx011 0 1 1
0xxxxx01x 1 1 1
0xxxxx0x1 1 1 1
0xxxxx101 0 1 1
0xxxxx10x 1 1 1
0xxxxx110 0 1 1
0xxxxx1x0 1 1 1
0xxxxx1xx 0 1 1
0xxxxxx01 1 1 1
0xxxxxx10 1 1 1
0xxxxxx1x 0 1 1
0xxxxxxx1 0 1 1
0xxxxxxxx 1 1 1
10000111x 0 0 0
1000011x1 0 7 7
1000011xx 1 8 8
100001x11 0 6 6
100001x1x 1 8 8
100001xx1 1 6 6
10000x11x 1 8 8
10000x1x1 1 5 5
10000xx11 1 5 5
10001011x 0 8 8
1000101xx 1 7 7
100010x1x 1 6 6
10001101x 0 0 0
1000110xx 1 8 8
10001110x 0 0 0
1000111x0 0 0 0
100011x0x 1 8 8
100011x10 0 0 0
100011xx0 1 0 0
100011xxx 0 6 6
10001x01x 1 8 8
10001x10x 1 8 8
10001x110 0 5 5
10001x1x0 1 7 7
10001x1xx 0 5 5
10001xx10 1 6 6
10001xx1x 0 5 5
10001xxxx 1 5 5
1000x011x 1 4 4
1000x01x1 1 4 4
1000x0x11 1 4 4
1000x1011 0 4 4
1000x101x 1 8 8
1000x10x1 1 4 4
1000x1101 0 4 4
1000x110x 1 8 8
1000x1110 0 0 0
1000x11x0 1 0 0
1000x11xx 0 4 4
1000x1x01 1 4 4
1000x1x10 1 0 0
1000x1x1x 0 4 4
1000x1xx1 0 4 4
1000x1xxx 1 4 4
1000xx011 1 4 4
1000xx101 1 4 4
1000xx110 1 4 4
1000xx11x 0 4 4
1000xx1x1 0 4 4
1000xx1xx 1 4 4
1000xxx11 0 4 4
1000xxx1x 1 4 4
1000xxxx1 1 4 4
100100x11 0 6 6
100100x1x 1 6 6
100100xx1 1 6 6
100101x10 0 6 6
100101xx0 1 6 6
100101xxx 0 6 6
10010xx10 1 5 5
10010xx1x 0 5 5
10010xxx1 0 5 5
10010xxxx 1 5 5
10011001x 0 8 8
1001100xx 1 7 7
100110x0x 1 6 6
100110xxx 0 6 6
10011x00x 1 5 5
10011x010 0 5 5
10011x0x0 1 5 5
10011x0xx 0 5 5
10011xx00 1 5 5
10011xx0x 0 5 5
10011xxx0 0 5 5
1001x0011 0 4 4
1001x001x 1 4 4
1001x00x1 1 4 4
1001x0x01 1 4 4
1001x0x1x 0 4 4
1001x0xx1 0 4 4
1001x0xxx 1 4 4
1001x1001 0 4 4
1001x100x 1 4 4
1001x1010 0 4 4
1001x10x0 1 4 4
1001x10xx 0 4 4
1001x1x00 1 4 4
1001x1x0x 0 4 4
1001x1xx0 0 4 4
1001xx001 1 4 4
1001xx010 1 4 4
1001xx01x 0 4 4
1001xx0x1 0 4 4
1001xx0xx 1 4 4
1001xxx01 0 4 4
1001xxx0x 1 4 4
1001xxx10 0 4 4
1001xxxx0 1 4 4
1001xxxxx 0 4 4
100x0011x 1 3 3
100x001x1 1 3 3
100x00x11 1 3 3
100x01110 0 0 0
100x011x0 1 3 3
100x011xx 0 3 3
100x01x10 1 3 3
100x01x1x 0 3 3
100x01xx1 0 3 3
100x01xxx 1 3 3
100x0x110 1 3 3
100x0x11x 0 3 3
100x0x1x1 0 3 3
100x0x1xx 1 3 3
100x0xx11 0 3 3
100x0xx1x 1 3 3
100x0xxx1 1 3 3
100x1001x 1 3 3
100x1010x 1 3 3
100x101xx 0 3 3
100x10x1x 0 3 3
100x10xxx 1 3 3
100x1100x 1 3 3
100x11010 0 0 0
100x110x0 1 3 3
100x110xx 0 3 3
100x11100 0 0 0
100x11x00 1 3 3
100x11x0x 0 3 3
100x11xx0 0 6 6
100x1x010 1 3 3
100x1x01x 0 3 3
100x1x0xx 1 3 3
100x1x100 1 3 3
100x1x10x 0 3 3
100x1x1x0 0 3 3
100x1xx0x 1 3 3
100x1xx10 0 3 3
100x1xxx0 1 3 3
100x1xxxx 0 3 3
100xx0011 1 3 3
100xx0101 1 3 3
100xx011x 0 3 3
100xx01x1 0 3 3
100xx01xx 1 3 3
100xx0x11 0 3 3
100xx0x1x 1 3 3
100xx0xx1 1 3 3
100xx1001 1 3 3
100xx1010 1 3 3
100xx101x 0 3 3
100xx10x1 0 3 3
100xx10xx 1 3 3
100xx1100 1 3 3
100xx110x 0 3 3
100xx11x0 0 4 4
100xx1x01 0 3 3
100xx1x0x 1 3 3
100xx1x10 0 4 4
100xx1xx0 1 3 3
100xx1xxx 0 3 3
100xxx011 0 3 3
100xxx01x 1 3 3
100xxx0x1 1 3 3
100xxx101 0 3 3
100xxx10x 1 3 3
100xxx110 0 3 3
100xxx1x0 1 3 3
100xxx1xx 0 3 3
100xxxx01 1 3 3
100xxxx10 1 3 3
100xxxx1x 0 3 3
100xxxxx1 0 3 3
100xxxxxx 1 3 3
10100101x 0 0 0
1010010xx 1 8 8
1010011x0 0 7 7
101001x10 0 0 0
101001xx0 1 6 6
101001xxx 0 6 6
10100x011 0 5 5
10100x01x 1 8 8
10100x0x1 1 5 5
10100x110 0 5 5
10100x1x0 1 5 5
10100x1xx 0 5 5
10100xx10 1 6 6
10100xx1x 0 5 5
10100xxx1 0 5 5
10100xxxx 1 5 5
10101001x 0 0 0
1010100xx 1 8 8
101010x0x 1 6 6
101010x10 0 0 0
101010xx0 1 6 6
101010xxx 0 6 6
10101100x 0 8 8
1010110x0 0 7 7
101011x00 0 6 6
10101x00x 1 5 5
10101x010 0 0 0
10101x0x0 1 5 5
10101x0xx 0 5 5
10101xx00 1 5 5
10101xx0x 0 5 5
10101xxx0 0 5 5
1010x0011 0 4 4
1010x001x 1 8 8
1010x00x1 1 4 4
1010x0101 0 4 4
1010x010x 1 4 4
1010x0110 0 4 4
1010x01x0 1 4 4
1010x01xx 0 4 4
1010x0x01 1 4 4
1010x0x10 1 6 6
1010x0x1x 0 4 4
1010x0xx1 0 4 4
1010x0xxx 1 4 4
1010x100x 1 4 4
1010x1010 0 0 0
1010x10x0 1 4 4
1010x10xx 0 4 4
1010x1100 0 4 4
1010x1x00 1 4 4
1010x1x0x 0 4 4
1010x1xx0 0 4 4
1010xx001 1 4 4
1010xx010 1 0 0
1010xx01x 0 4 4
1010xx0x1 0 4 4
1010xx0xx 1 4 4
1010xx100 1 4 4
1010xx10x 0 4 4
1010xx1x0 0 4 4
1010xxx01 0 4 4
1010xxx0x 1 4 4
1010xxx10 0 4 4
1010xxxx0 1 4 4
1010xxxxx 0 4 4
10110001x 0 0 0
1011000x1 0 7 7
1011000xx 1 8 8
101100x10 0 0 0
101100xx0 1 6 6
101100xxx 0 6 6
1011010x0 0 7 7
10110x010 0 0 0
10110x0x0 1 5 5
10110x0xx 0 5 5
10110xxx0 0 5 5
10111000x 0 8 8
1011100x0 0 7 7
101110x00 0 6 6
1011x0001 0 4 4
1011x000x 1 4 4
1011x0010 0 0 0
1011x00x0 1 4 4
1011x00xx 0 4 4
1011x0x00 1 4 4
1011x0x0x 0 4 4
1011x0xx0 0 4 4
1011xx00x 0 4 4
1011xx0x0 0 4 4
1011xxx00 0 4 4
101x00011 0 3 3
101x0001x 1 8 8
101x000x1 1 3 3
101x00110 0 3 3
101x001x0 1 3 3
101x001xx 0 3 3
101x00x10 1 6 6
101x00x1x 0 3 3
101x00xx1 0 3 3
101x00xxx 1 3 3
101x01010 0 0 0
101x010x0 1 3 3
101x010xx 0 3 3
101x01xx0 0 3 3
101x0x010 1 0 0
101x0x01x 0 3 3
101x0x0x1 0 3 3
101x0x0xx 1 3 3
101x0x1x0 0 3 3
101x0xx10 0 3 3
101x0xxx0 1 3 3
101x0xxxx 0 3 3
101x1000x 1 3 3
101x10010 0 0 0
101x100x0 1 3 3
101x100xx 0 3 3
101x10x00 1 3 3
101x10x0x 0 3 3
101x10xx0 0 3 3
101x1x00x 0 3 3
101x1x0x0 0 3 3
101x1xx00 0 3 3
101xx0001 1 3 3
101xx0010 1 0 0
101xx001x 0 3 3
101xx00x1 0 3 3
101xx00xx 1 3 3
101xx0100 1 3 3
101xx010x 0 3 3
101xx01x0 0 3 3
101xx0x01 0 3 3
101xx0x0x 1 3 3
101xx0x10 0 3 3
101xx0xx0 1 3 3
101xx0xxx 0 3 3
101xx100x 0 3 3
101xx10x0 0 3 3
101xx1x00 0 3 3
101xxx001 0 3 3
101xxx00x 1 3 3
101xxx010 0 0 0
101xxx0x0 1 3 3
101xxx0xx 0 3 3
101xxx100 0 3 3
101xxxx00 1 3 3
101xxxx0x 0 3 3
101xxxxx0 0 3 3
10x001011 0 2 2
10x00101x 1 8 8
10x0010x1 1 2 2
10x001110 0 0 0
10x0011x0 1 2 2
10x0011xx 0 2 2
10x001x10 1 0 0
10x001x1x 0 2 2
10x001xx1 0 2 2
10x001xxx 1 2 2
10x00x011 1 2 2
10x00x110 1 2 2
10x00x11x 0 2 2
10x00x1x1 0 2 2
10x00x1xx 1 2 2
10x00xx11 0 2 2
10x00xx1x 1 2 2
10x00xxx1 1 2 2
10x01001x 1 8 8
10x01010x 1 2 2
10x010110 0 2 2
10x0101x0 1 2 2
10x0101xx 0 2 2
10x010x10 1 6 6
10x010x1x 0 2 2
10x010xxx 1 2 2
10x01100x 1 2 2
10x011010 0 0 0
10x0110x0 1 2 2
10x0110xx 0 2 2
10x011100 0 0 0
10x011x00 1 2 2
10x011x0x 0 2 2
10x011xx0 0 6 6
10x01x010 1 0 0
10x01x01x 0 2 2
10x01x0xx 1 2 2
10x01x100 1 2 2
10x01x10x 0 2 2
10x01x1x0 0 2 2
10x01xx0x 1 2 2
10x01xx10 0 2 2
10x01xxx0 1 2 2
10x01xxxx 0 2 2
10x0x0011 1 2 2
10x0x0101 1 2 2
10x0x0110 1 2 2
10x0x011x 0 2 2
10x0x01x1 0 2 2
10x0x01xx 1 2 2
10x0x0x11 0 2 2
10x0x0x1x 1 2 2
10x0x0xx1 1 2 2
10x0x1001 1 2 2
10x0x1010 1 0 0
10x0x101x 0 2 2
10x0x10x1 0 2 2
10x0x10xx 1 2 2
10x0x1100 1 2 2
10x0x110x 0 2 2
10x0x11x0 0 4 4
10x0x1x01 0 2 2
10x0x1x0x 1 2 2
10x0x1x10 0 0 0
10x0x1xx0 1 2 2
10x0x1xxx 0 2 2
10x0xx011 0 2 2
10x0xx01x 1 2 2
10x0xx0x1 1 2 2
10x0xx101 0 2 2
10x0xx10x 1 2 2
10x0xx110 0 2 2
10x0xx1x0 1 2 2
10x0xx1xx 0 2 2
10x0xxx01 1 2 2
10x0xxx10 1 2 2
10x0xxx1x 0 2 2
10x0xxxx1 0 2 2
10x0xxxxx 1 2 2
10x100011 0 2 2
10x10001x 1 8 8
10x1000x1 1 2 2
10x100x10 1 6 6
10x100x1x 0 2 2
10x100xx1 0 2 2
10x100xxx 1 2 2
10x101010 0 2 2
10x1010x0 1 2 2
10x1010xx 0 2 2
10x101xx0 0 2 2
10x10x010 1 5 5
10x10x01x 0 2 2
10x10x0x1 0 2 2
10x10x0xx 1 2 2
10x10xx10 0 2 2
10x10xxx0 1 2 2
10x10xxxx 0 2 2
10x11000x 1 2 2
10x110010 0 2 2
10x1100x0 1 2 2
10x1100xx 0 2 2
10x110x00 1 2 2
10x110x0x 0 2 2
10x110xx0 0 2 2
10x11x00x 0 2 2
10x11x0x0 0 2 2
10x11xx00 0 2 2
10x1x0001 1 2 2
10x1x0010 1 4 4
10x1x001x 0 2 2
10x1x00x1 0 2 2
10x1x00xx 1 2 2
10x1x0x01 0 2 2
10x1x0x0x 1 2 2
10x1x0x10 0 2 2
10x1x0xx0 1 2 2
10x1x0xxx 0 2 2
10x1x100x 0 2 2
10x1x10x0 0 2 2
10x1x1x00 0 2 2
10x1xx001 0 2 2
10x1xx00x 1 2 2
10x1xx010 0 2 2
10x1xx0x0 1 2 2
10x1xx0xx 0 2 2
10x1xxx00 1 2 2
10x1xxx0x 0 2 2
10x1xxxx0 0 2 2
10xx00011 1 2 2
10xx00110 1 2 2
10xx0011x 0 2 2
10xx001x1 0 2 2
10xx001xx 1 2 2
10xx00x11 0 2 2
10xx00x1x 1 2 2
10xx00xx1 1 2 2
10xx01010 1 3 3
10xx0101x 0 2 2
10xx010x1 0 2 2
10xx010xx 1 2 2
10xx011x0 0 2 2
10xx01x10 0 2 2
10xx01xx0 1 2 2
10xx01xxx 0 2 2
10xx0x011 0 2 2
10xx0x01x 1 2 2
10xx0x0x1 1 2 2
10xx0x110 0 2 2
10xx0x1x0 1 2 2
10xx0x1xx 0 2 2
10xx0xx10 1 2 2
10xx0xx1x 0 2 2
10xx0xxx1 0 2 2
10xx0xxxx 1 2 2
10xx10010 1 3 3
10xx1001x 0 2 2
10xx100xx 1 2 2
10xx10100 1 2 2
10xx1010x 0 2 2
10xx101x0 0 2 2
10xx10x0x 1 2 2
10xx10x10 0 2 2
10xx10xx0 1 2 2
10xx10xxx 0 2 2
10xx1100x 0 2 2
10xx110x0 0 2 2
10xx11x00 0 2 2
10xx1x00x 1 2 2
10xx1x010 0 2 2
10xx1x0x0 1 2 2
10xx1x0xx 0 2 2
10xx1x100 0 2 2
10xx1xx00 1 2 2
10xx1xx0x 0 2 2
10xx1xxx0 0 2 2
10xxx0011 0 2 2
10xxx001x 1 2 2
10xxx00x1 1 2 2
10xxx0101 0 2 2
10xxx010x 1 2 2
10xxx0110 0 2 2
10xxx01x0 1 2 2
10xxx01xx 0 2 2
10xxx0x01 1 2 2
10xxx0x10 1 2 2
10xxx0x1x 0 2 2
10xxx0xx1 0 2 2
10xxx0xxx 1 2 2
10xxx1001 0 2 2
10xxx100x 1 2 2
10xxx1010 0 2 2
10xxx10x0 1 2 2
10xxx10xx 0 2 2
10xxx1100 0 2 2
10xxx1x00 1 2 2
10xxx1x0x 0 2 2
10xxx1xx0 0 2 2
10xxxx001 1 2 2
10xxxx010 1 3 3
10xxxx01x 0 2 2
10xxxx0x1 0 2 2
10xxxx0xx 1 2 2
10xxxx100 1 2 2
10xxxx10x 0 2 2
10xxxx1x0 0 2 2
10xxxxx01 0 2 2
10xxxxx0x 1 2 2
10xxxxx10 0 2 2
10xxxxxx0 1 2 2
10xxxxxxx 0 2 2
11000110x 0 0 0
1100011x0 0 0 0
110001x01 0 6 6
110001x0x 1 8 8
110001x10 0 6 6
110001xx0 1 7 7
110001xxx 0 6 6
11000x101 0 5 5
11000x10x 1 8 8
11000x110 0 5 5
11000x1x0 1 7 7
11000x1xx 0 5 5
11000xx01 1 5 5
11000xx10 1 5 5
11000xx1x 0 5 5
11000xxx1 0 5 5
11000xxxx 1 5 5
1100100xx 1 7 7
11001010x 0 8 8
110010x0x 1 6 6
110010xxx 0 6 6
11001100x 0 8 8
1100110x0 0 7 7
110011x00 0 6 6
11001x00x 1 5 5
11001x0x0 1 5 5
11001x0xx 0 5 5
11001x100 0 5 5
11001xx00 1 5 5
11001xx0x 0 5 5
11001xxx0 0 5 5
1100x0011 0 4 4
1100x001x 1 4 4
1100x00x1 1 4 4
1100x0101 0 4 4
1100x010x 1 4 4
1100x01xx 0 4 4
1100x0x01 1 4 4
1100x0x1x 0 4 4
1100x0xx1 0 4 4
1100x0xxx 1 4 4
1100x1001 0 4 4
1100x100x 1 4 4
1100x1010 0 4 4
1100x10x0 1 4 4
1100x10xx 0 4 4
1100x1100 0 0 0
1100x1x00 1 4 4
1100x1x0x 0 4 4
1100x1xx0 0 4 4
1100xx001 1 4 4
1100xx010 1 4 4
1100xx01x 0 4 4
1100xx0x1 0 4 4
1100xx0xx 1 4 4
1100xx100 1 4 4
1100xx10x 0 4 4
1100xx1x0 0 4 4
1100xxx01 0 4 4
1100xxx0x 1 4 4
1100xxx10 0 4 4
1100xxxx0 1 4 4
1100xxxxx 0 4 4
110100x01 0 6 6
110100x0x 1 6 6
110100xxx 0 6 6
110101x00 0 6 6
11010xx00 1 5 5
11010xx0x 0 5 5
11010xxx0 0 5 5
11011000x 0 8 8
1101x0001 0 4 4
1101x000x 1 4 4
1101x00xx 0 4 4
1101x0x0x 0 4 4
1101xx00x 0 4 4
1101xx0x0 0 4 4
1101xxx00 0 4 4
110x00101 0 3 3
110x0010x 1 3 3
110x001xx 0 3 3
110x00x01 1 3 3
110x00x1x 0 3 3
110x00xx1 0 3 3
110x00xxx 1 3 3
110x01100 0 0 0
110x01x00 1 3 3
110x01x0x 0 3 3
110x01xx0 0 3 3
110x0x100 1 3 3
110x0x10x 0 3 3
110x0x1x0 0 3 3
110x0xx01 0 3 3
110x0xx0x 1 3 3
110x0xx10 0 3 3
110x0xxx0 1 3 3
110x0xxxx 0 3 3
110x1000x 1 3 3
110x100xx 0 3 3
110x10x0x 0 3 3
110x1x00x 0 3 3
110x1x0x0 0 3 3
110x1xx00 0 3 3
110xx0001 1 3 3
110xx001x 0 3 3
110xx00x1 0 3 3
110xx00xx 1 3 3
110xx010x 0 3 3
110xx0x01 0 3 3
110xx0x0x 1 3 3
110xx0xxx 0 3 3
110xx100x 0 3 3
110xx10x0 0 3 3
110xx1x00 0 3 3
110xxx001 0 3 3
110xxx00x 1 3 3
110xxx010 0 3 3
110xxx0x0 1 3 3
110xxx0xx 0 3 3
110xxx100 0 3 3
110xxxx00 1 3 3
110xxxx0x 0 3 3
110xxxxx0 0 3 3
11x001001 0 2 2
11x00100x 1 2 2
11x001010 0 2 2
11x0010x0 1 2 2
11x0010xx 0 2 2
11x001100 0 0 0
11x001x00 1 2 2
11x001x0x 0 2 2
11x001xx0 0 2 2
11x00x001 1 2 2
11x00x010 1 2 2
11x00x01x 0 2 2
11x00x0x1 0 2 2
11x00x0xx 1 2 2
11x00x100 1 2 2
11x00x10x 0 2 2
11x00x1x0 0 2 2
11x00xx01 0 2 2
11x00xx0x 1 2 2
11x00xx10 0 2 2
11x00xxx0 1 2 2
11x00xxxx 0 2 2
11x01000x 1 2 2
11x0100x0 1 2 2
11x0100xx 0 2 2
11x010100 0 2 2
11x010x00 1 2 2
11x010x0x 0 2 2
11x010xx0 0 2 2
11x01x00x 0 2 2
11x01x0x0 0 2 2
11x01xx00 0 2 2
11x0x0001 1 2 2
11x0x0010 1 2 2
11x0x001x 0 2 2
11x0x00x1 0 2 2
11x0x00xx 1 2 2
11x0x0100 1 2 2
11x0x010x 0 2 2
11x0x01x0 0 2 2
11x0x0x01 0 2 2
11x0x0x0x 1 2 2
11x0x0x10 0 2 2
11x0x0xx0 1 2 2
11x0x0xxx 0 2 2
11x0x100x 0 2 2
11x0x10x0 0 2 2
11x0x1x00 0 2 2
11x0xx001 0 2 2
11x0xx00x 1 2 2
11x0xx010 0 2 2
11x0xx0x0 1 2 2
11x0xx0xx 0 2 2
11x0xx100 0 2 2
11x0xxx00 1 2 2
11x0xxx0x 0 2 2
11x0xxxx0 0 2 2
11x100001 0 2 2
11x10000x 1 2 2
11x100010 0 2 2
11x1000x0 1 2 2
11x1000xx 0 2 2
11x100x00 1 2 2
11x100x0x 0 2 2
11x100xx0 0 2 2
11x10x00x 0 2 2
11x10x0x0 0 2 2
11x10xx00 0 2 2
11x1x000x 0 2 2
11x1x00x0 0 2 2
11x1x0x00 0 2 2
11xx00001 1 2 2
11xx00010 1 2 2
11xx0001x 0 2 2
11xx000x1 0 2 2
11xx000xx 1 2 2
11xx00100 1 2 2
11xx0010x 0 2 2
11xx001x0 0 2 2
11xx00x01 0 2 2
11xx00x0x 1 2 2
11xx00x10 0 2 2
11xx00xx0 1 2 2
11xx00xxx 0 2 2
11xx0100x 0 2 2
11xx010x0 0 2 2
11xx01x00 0 2 2
11xx0x001 0 2 2
11xx0x00x 1 2 2
11xx0x010 0 2 2
11xx0x0x0 1 2 2
11xx0x0xx 0 2 2
11xx0x100 0 2 2
11xx0xx00 1 2 2
11xx0xx0x 0 2 2
11xx0xxx0 0 2 2
11xx1000x 0 2 2
11xx100x0 0 2 2
11xx10x00 0 2 2
11xxx0001 0 2 2
11xxx000x 1 2 2
11xxx0010 0 2 2
11xxx00x0 1 2 2
11xxx00xx 0 2 2
11xxx0100 0 2 2
11xxx0x00 1 2 2
11xxx0x0x 0 2 2
11xxx0xx0 0 2 2
11xxxx00x 0 2 2
11xxxx0x0 0 2 2
11xxxxx00 0 2 2
1x0001101 0 1 1
1x000110x 1 8 8
1x0001110 0 0 0
1x00011x0 1 0 0
1x00011xx 0 1 1
1x0001x01 1 1 1
1x0001x10 1 1 1
1x0001x1x 0 1 1
1x0001xx1 0 1 1
1x0001xxx 1 1 1
1x000x101 1 1 1
1x000x110 1 1 1
1x000x11x 0 1 1
1x000x1x1 0 1 1
1x000x1xx 1 1 1
1x000xx11 0 1 1
1x000xx1x 1 1 1
1x000xxx1 1 1 1
1x001001x 1 1 1
1x001010x 1 1 1
1x00101xx 0 1 1
1x0010x1x 0 1 1
1x0010xxx 1 1 1
1x001100x 1 1 1
1x0011010 0 0 0
1x00110x0 1 1 1
1x00110xx 0 1 1
1x0011100 0 0 0
1x0011x00 1 1 1
1x0011x0x 0 1 1
1x0011xx0 0 6 6
1x001x010 1 1 1
1x001x01x 0 1 1
1x001x0xx 1 1 1
1x001x100 1 1 1
1x001x10x 0 1 1
1x001x1x0 0 1 1
1x001xx0x 1 1 1
1x001xx10 0 1 1
1x001xxx0 1 1 1
1x001xxxx 0 1 1
1x00x0011 1 1 1
1x00x0101 1 1 1
1x00x011x 0 1 1
1x00x01x1 0 1 1
1x00x01xx 1 1 1
1x00x0x11 0 1 1
1x00x0x1x 1 1 1
1x00x0xx1 1 1 1
1x00x1001 1 1 1
1x00x1010 1 1 1
1x00x101x 0 1 1
1x00x10x1 0 1 1
1x00x10xx 1 1 1
1x00x1100 1 0 0
1x00x110x 0 1 1
1x00x11x0 0 0 0
1x00x1x01 0 1 1
1x00x1x0x 1 1 1
1x00x1x10 0 4 4
1x00x1xx0 1 1 1
1x00x1xxx 0 1 1
1x00xx011 0 1 1
1x00xx01x 1 1 1
1x00xx0x1 1 1 1
1x00xx101 0 1 1
1x00xx10x 1 1 1
1x00xx110 0 1 1
1x00xx1x0 1 1 1
1x00xx1xx 0 1 1
1x00xxx01 1 1 1
1x00xxx10 1 1 1
1x00xxx1x 0 1 1
1x00xxxx1 0 1 1
1x00xxxxx 1 1 1
1x0100x01 1 1 1
1x0100x1x 0 1 1
1x0100xx1 0 1 1
1x0100xxx 1 1 1
1x0101x00 1 1 1
1x0101x0x 0 1 1
1x0101xx0 0 1 1
1x010xx01 0 1 1
1x010xx0x 1 1 1
1x010xx10 0 1 1
1x010xxx0 1 1 1
1x010xxxx 0 1 1
1x011000x 1 1 1
1x01100xx 0 1 1
1x0110x0x 0 1 1
1x011x00x 0 1 1
1x011x0x0 0 1 1
1x011xx00 0 1 1
1x01x0001 1 1 1
1x01x001x 0 1 1
1x01x00x1 0 1 1
1x01x00xx 1 1 1
1x01x0x01 0 1 1
1x01x0x0x 1 1 1
1x01x0xxx 0 1 1
1x01x100x 0 1 1
1x01x10x0 0 1 1
1x01x1x00 0 1 1
1x01xx001 0 1 1
1x01xx00x 1 1 1
1x01xx010 0 1 1
1x01xx0x0 1 1 1
1x01xx0xx 0 1 1
1x01xxx00 1 1 1
1x01xxx0x 0 1 1
1x01xxxx0 0 1 1
1x0x00101 1 1 1
1x0x0011x 0 1 1
1x0x001x1 0 1 1
1x0x001xx 1 1 1
1x0x00x11 0 1 1
1x0x00x1x 1 1 1
1x0x00xx1 1 1 1
1x0x01100 1 3 3
1x0x0110x 0 1 1
1x0x011x0 0 1 1
1x0x01x01 0 1 1
1x0x01x0x 1 1 1
1x0x01x10 0 1 1
1x0x01xx0 1 1 1
1x0x01xxx 0 1 1
1x0x0x101 0 1 1
1x0x0x10x 1 1 1
1x0x0x110 0 1 1
1x0x0x1x0 1 1 1
1x0x0x1xx 0 1 1
1x0x0xx01 1 1 1
1x0x0xx10 1 1 1
1x0x0xx1x 0 1 1
1x0x0xxx1 0 1 1
1x0x0xxxx 1 1 1
1x0x1001x 0 1 1
1x0x100xx 1 1 1
1x0x1010x 0 1 1
1x0x10x0x 1 1 1
1x0x10xxx 0 1 1
1x0x1100x 0 1 1
1x0x110x0 0 1 1
1x0x11x00 0 1 1
1x0x1x00x 1 1 1
1x0x1x010 0 1 1
1x0x1x0x0 1 1 1
1x0x1x0xx 0 1 1
1x0x1x100 0 1 1
1x0x1xx00 1 1 1
1x0x1xx0x 0 1 1
1x0x1xxx0 0 1 1
1x0xx0011 0 1 1
1x0xx001x 1 1 1
1x0xx00x1 1 1 1
1x0xx0101 0 1 1
1x0xx010x 1 1 1
1x0xx01xx 0 1 1
1x0xx0x01 1 1 1
1x0xx0x1x 0 1 1
1x0xx0xx1 0 1 1
1x0xx0xxx 1 1 1
1x0xx1001 0 1 1
1x0xx100x 1 1 1
1x0xx1010 0 1 1
1x0xx10x0 1 1 1
1x0xx10xx 0 1 1
1x0xx1100 0 1 1
1x0xx1x00 1 1 1
1x0xx1x0x 0 1 1
1x0xx1xx0 0 1 1
1x0xxx001 1 1 1
1x0xxx010 1 1 1
1x0xxx01x 0 1 1
1x0xxx0x1 0 1 1
1x0xxx0xx 1 1 1
1x0xxx100 1 1 1
1x0xxx10x 0 1 1
1x0xxx1x0 0 1 1
1x0xxxx01 0 1 1
1x0xxxx0x 1 1 1
1x0xxxx10 0 1 1
1x0xxxxx0 1 1 1
1x0xxxxxx 0 1 1
1x100100x 1 1 1
1x1001010 0 0 0
1x10010x0 1 1 1
1x10010xx 0 1 1
1x1001100 0 1 1
1x1001x00 1 1 1
1x1001x0x 0 1 1
1x1001xx0 0 1 1
1x100x001 1 1 1
1x100x010 1 1 1
1x100x01x 0 1 1
1x100x0x1 0 1 1
1x100x0xx 1 1 1
1x100x100 1 1 1
1x100x10x 0 1 1
1x100x1x0 0 1 1
1x100xx01 0 1 1
1x100xx0x 1 1 1
1x100xx10 0 1 1
1x100xxx0 1 1 1
1x100xxxx 0 1 1
1x101000x 1 1 1
1x1010010 0 0 0
1x10100x0 1 1 1
1x10100xx 0 1 1
1x1010x00 1 1 1
1x1010x0x 0 1 1
1x1010xx0 0 1 1
1x101x00x 0 1 1
1x101x0x0 0 1 1
1x101xx00 0 1 1
1x10x0001 1 1 1
1x10x0010 1 1 1
1x10x001x 0 1 1
1x10x00x1 0 1 1
1x10x00xx 1 1 1
1x10x0100 1 1 1
1x10x010x 0 1 1
1x10x01x0 0 1 1
1x10x0x01 0 1 1
1x10x0x0x 1 1 1
1x10x0x10 0 1 1
1x10x0xx0 1 1 1
1x10x0xxx 0 1 1
1x10x100x 0 1 1
1x10x10x0 0 1 1
1x10x1x00 0 1 1
1x10xx001 0 1 1
1x10xx00x 1 1 1
1x10xx010 0 4 4
1x10xx0x0 1 1 1
1x10xx0xx 0 1 1
1x10xx100 0 1 1
1x10xxx00 1 1 1
1x10xxx0x 0 1 1
1x10xxxx0 0 1 1
1x1100001 0 1 1
1x110000x 1 1 1
1x1100010 0 0 0
1x11000x0 1 1 1
1x11000xx 0 1 1
1x1100x00 1 1 1
1x1100x0x 0 1 1
1x1100xx0 0 1 1
1x110x00x 0 1 1
1x110x0x0 0 1 1
1x110xx00 0 1 1
1x11x000x 0 1 1
1x11x00x0 0 1 1
1x11x0x00 0 1 1
1x1x00001 1 1 1
1x1x00010 1 1 1
1x1x0001x 0 1 1
1x1x000x1 0 1 1
1x1x000xx 1 1 1
1x1x00100 1 1 1
1x1x0010x 0 1 1
1x1x001x0 0 1 1
1x1x00x01 0 1 1
1x1x00x0x 1 1 1
1x1x00x10 0 1 1
1x1x00xx0 1 1 1
1x1x00xxx 0 1 1
1x1x0100x 0 1 1
1x1x010x0 0 1 1
1x1x01x00 0 1 1
1x1x0x001 0 1 1
1x1x0x00x 1 1 1
1x1x0x010 0 3 3
1x1x0x0x0 1 1 1
1x1x0x0xx 0 1 1
1x1x0x100 0 1 1
1x1x0xx00 1 1 1
1x1x0xx0x 0 1 1
1x1x0xxx0 0 1 1
1x1x1000x 0 1 1
1x1x100x0 0 1 1
1x1x10x00 0 1 1
1x1xx0001 0 1 1
1x1xx000x 1 1 1
1x1xx0010 0 3 3
1x1xx00x0 1 1 1
1x1xx00xx 0 1 1
1x1xx0100 0 1 1
1x1xx0x00 1 1 1
1x1xx0x0x 0 1 1
1x1xx0xx0 0 1 1
1x1xxx00x 0 1 1
1x1xxx0x0 0 1 1
1x1xxxx00 0 1 1
1xx001001 1 1 1
1xx001010 1 1 1
1xx00101x 0 1 1
1xx0010x1 0 1 1
1xx0010xx 1 1 1
1xx001100 1 2 2
1xx00110x 0 1 1
1xx0011x0 0 1 1
1xx001x01 0 1 1
1xx001x0x 1 1 1
1xx001x10 0 2 2
1xx001xx0 1 1 1
1xx001xxx 0 1 1
1xx00x011 0 1 1
1xx00x01x 1 1 1
1xx00x0x1 1 1 1
1xx00x101 0 1 1
1xx00x10x 1 1 1
1xx00x110 0 1 1
1xx00x1x0 1 1 1
1xx00x1xx 0 1 1
1xx00xx01 1 1 1
1xx00xx10 1 1 1
1xx00xx1x 0 1 1
1xx00xxx1 0 1 1
1xx00xxxx 1 1 1
1xx010010 1 1 1
1xx01001x 0 1 1
1xx0100xx 1 1 1
1xx010100 1 1 1
1xx01010x 0 1 1
1xx0101x0 0 1 1
1xx010x0x 1 1 1
1xx010x10 0 1 1
1xx010xx0 1 1 1
1xx010xxx 0 1 1
1xx01100x 0 1 1
1xx0110x0 0 1 1
1xx011x00 0 1 1
1xx01x00x 1 1 1
1xx01x010 0 2 2
1xx01x0x0 1 1 1
1xx01x0xx 0 1 1
1xx01x100 0 1 1
1xx01xx00 1 1 1
1xx01xx0x 0 1 1
1xx01xxx0 0 1 1
1xx0x0011 0 1 1
1xx0x001x 1 1 1
1xx0x00x1 1 1 1
1xx0x0101 0 1 1
1xx0x010x 1 1 1
1xx0x0110 0 1 1
1xx0x01x0 1 1 1
1xx0x01xx 0 1 1
1xx0x0x01 1 1 1
1xx0x0x10 1 1 1
1xx0x0x1x 0 1 1
1xx0x0xx1 0 1 1
1xx0x0xxx 1 1 1
1xx0x1001 0 1 1
1xx0x100x 1 1 1
1xx0x1010 0 2 2
1xx0x10x0 1 1 1
1xx0x10xx 0 1 1
1xx0x1100 0 1 1
1xx0x1x00 1 1 1
1xx0x1x0x 0 1 1
1xx0x1xx0 0 1 1
1xx0xx001 1 1 1
1xx0xx010 1 1 1
1xx0xx01x 0 1 1
1xx0xx0x1 0 1 1
1xx0xx0xx 1 1 1
1xx0xx100 1 1 1
1xx0xx10x 0 1 1
1xx0xx1x0 0 1 1
1xx0xxx01 0 1 1
1xx0xxx0x 1 1 1
1xx0xxx10 0 1 1
1xx0xxxx0 1 1 1
1xx0xxxxx 0 1 1
1xx100001 1 1 1
1xx100010 1 1 1
1xx10001x 0 1 1
1xx1000x1 0 1 1
1xx1000xx 1 1 1
1xx100x01 0 1 1
1xx100x0x 1 1 1
1xx100x10 0 1 1
1xx100xx0 1 1 1
1xx100xxx 0 1 1
1xx10100x 0 1 1
1xx1010x0 0 1 1
1xx101x00 0 1 1
1xx10x001 0 1 1
1xx10x00x 1 1 1
1xx10x010 0 1 1
1xx10x0x0 1 1 1
1xx10x0xx 0 1 1
1xx10xx00 1 1 1
1xx10xx0x 0 1 1
1xx10xxx0 0 1 1
1xx11000x 0 1 1
1xx1100x0 0 1 1
1xx110x00 0 1 1
1xx1x0001 0 1 1
1xx1x000x 1 1 1
1xx1x0010 0 1 1
1xx1x00x0 1 1 1
1xx1x00xx 0 1 1
1xx1x0x00 1 1 1
1xx1x0x0x 0 1 1
1xx1x0xx0 0 1 1
1xx1xx00x 0 1 1
1xx1xx0x0 0 1 1
1xx1xxx00 0 1 1
1xxx00011 0 1 1
1xxx0001x 1 1 1
1xxx000x1 1 1 1
1xxx00101 0 1 1
1xxx0010x 1 1 1
1xxx00110 0 1 1
1xxx001x0 1 1 1
1xxx001xx 0 1 1
1xxx00x01 1 1 1
1xxx00x10 1 1 1
1xxx00x1x 0 1 1
1xxx00xx1 0 1 1
1xxx00xxx 1 1 1
1xxx01001 0 1 1
1xxx0100x 1 1 1
1xxx01010 0 1 1
1xxx010x0 1 1 1
1xxx010xx 0 1 1
1xxx01100 0 1 1
1xxx01x00 1 1 1
1xxx01x0x 0 1 1
1xxx01xx0 0 1 1
1xxx0x001 1 1 1
1xxx0x010 1 1 1
1xxx0x01x 0 1 1
1xxx0x0x1 0 1 1
1xxx0x0xx 1 1 1
1xxx0x100 1 1 1
1xxx0x10x 0 1 1
1xxx0x1x0 0 1 1
1xxx0xx01 0 1 1
1xxx0xx0x 1 1 1
1xxx0xx10 0 1 1
1xxx0xxx0 1 1 1
1xxx0xxxx 0 1 1
1xxx1000x 1 1 1
1xxx10010 0 1 1
1xxx100x0 1 1 1
1xxx100xx 0 1 1
1xxx10100 0 1 1
1xxx10x00 1 1 1
1xxx10x0x 0 1 1
1xxx10xx0 0 1 1
1xxx1x00x 0 1 1
1xxx1x0x0 0 1 1
1xxx1xx00 0 1 1
1xxxx0001 1 1 1
1xxxx0010 1 1 1
1xxxx001x 0 1 1
1xxxx00x1 0 1 1
1xxxx00xx 1 1 1
1xxxx0100 1 1 1
1xxxx010x 0 1 1
1xxxx01x0 0 1 1
1xxxx0x01 0 1 1
1xxxx0x0x 1 1 1
1xxxx0x10 0 1 1
1xxxx0xx0 1 1 1
1xxxx0xxx 0 1 1
1xxxx100x 0 1 1
1xxxx10x0 0 1 1
1xxxx1x00 0 1 1
1xxxxx001 0 1 1
1xxxxx00x 1 1 1
1xxxxx010 0 1 1
1xxxxx0x0 1 1 1
1xxxxx0xx 0 1 1
1xxxxx100 0 1 1
1xxxxxx00 1 1 1
1xxxxxx0x 0 1 1
1xxxxxxx0 0 1 1
x00001111 0 0 0
x0000111x 1 8 8
x000011x1 1 7 0
x00001x11 1 6 0
x0000x111 1 5 0
x00010111 0 0 0
x0001011x 1 8 0
x000101x1 1 7 0
x00010x11 1 6 0
x00011011 0 0 0
x0001101x 1 8 8
x000110x1 1 7 0
x00011101 0 0 0
x0001110x 1 8 8
x00011110 0 0 0
x000111x0 1 7 7
x000111xx 0 0 0
x00011x01 1 6 0
x00011x10 1 6 6
x00011x1x 0 0 0
x00011xx1 0 0 6
x00011xxx 1 6 0
x0001x011 1 5 0
x0001x101 1 5 0
x0001x110 1 5 0
x0001x11x 0 0 5
x0001x1x1 0 0 5
x0001x1xx 1 5 0
x0001xx11 0 0 5
x0001xx1x 1 5 0
x0001xxx1 1 5 0
x000x0111 1 4 0
x000x1011 1 4 0
x000x1101 1 4 0
x000x1110 1 4 4
x000x111x 0 0 0
x000x11x1 0 0 4
x000x11xx 1 4 0
x000x1x11 0 0 4
x000x1x1x 1 4 0
x000x1xx1 1 4 0
x000xx111 0 0 4
x000xx11x 1 5 0
x000xx1x1 1 4 0
x000xxx11 1 4 0
x00100111 0 0 0
x0010011x 1 8 0
x001001x1 1 7 0
x00100x11 1 6 0
x00101011 0 0 0
x0010101x 1 8 0
x001010x1 1 7 0
x00101101 0 0 0
x0010110x 1 8 0
x00101110 0 0 0
x001011x0 1 7 0
x001011xx 0 0 7
x00101x01 1 6 0
x00101x10 1 6 0
x00101x1x 0 0 6
x00101xx1 0 0 6
x00101xxx 1 6 0
x0010x011 1 5 0
x0010x101 1 5 0
x0010x110 1 5 0
x0010x11x 0 0 5
x0010x1x1 0 0 5
x0010x1xx 1 5 0
x0010xx11 0 0 5
x0010xx1x 1 5 0
x0010xxx1 1 5 0
x00110011 0 0 0
x0011001x 1 8 0
x001100x1 1 7 0
x00110101 0 0 0
x0011010x 1 8 0
x00110110 0 0 0
x001101x0 1 7 0
x001101xx 0 0 7
x00110x01 1 6 0
x00110x10 1 6 0
x00110x1x 0 0 6
x00110xx1 0 0 6
x00110xxx 1 6 0
x00111001 0 0 0
x0011100x 1 8 0
x00111010 0 0 0
x001110x0 1 7 0
x001110xx 0 0 7
x00111100 0 0 0
x00111x00 1 6 0
x00111x0x 0 0 6
x00111xx0 0 0 6
x0011x001 1 5 0
x0011x010 1 5 0
x0011x01x 0 0 5
x0011x0x1 0 0 5
x0011x0xx 1 5 0
x0011x100 1 5 0
x0011x10x 0 0 5
x0011x1x0 0 0 5
x0011xx01 0 0 5
x0011xx0x 1 5 0
x0011xx10 0 0 5
x0011xxx0 1 5 0
x0011xxxx 0 0 6
x001x0011 1 4 0
x001x0101 1 4 0
x001x0110 1 4 0
x001x011x 0 0 4
x001x01x1 0 0 4
x001x01xx 1 4 0
x001x0x11 0 0 4
x001x0x1x 1 4 0
x001x0xx1 1 4 0
x001x1001 1 4 0
x001x1010 1 4 0
x001x101x 0 0 4
x001x10x1 0 0 4
x001x10xx 1 4 0
x001x1100 1 4 0
x001x110x 0 0 4
x001x11x0 0 0 4
x001x1x01 0 0 4
x001x1x0x 1 4 0
x001x1x10 0 0 4
x001x1xx0 1 4 0
x001x1xxx 0 0 8
x001xx011 0 0 4
x001xx01x 1 4 0
x001xx0x1 1 4 0
x001xx101 0 0 4
x001xx10x 1 4 0
x001xx110 0 0 4
x001xx1x0 1 4 0
x001xx1xx 0 0 4
x001xxx01 1 4 0
x001xxx10 1 4 0
x001xxx1x 0 0 4
x001xxxx1 0 0 5
x001xxxxx 1 6 0
x00x00111 1 3 0
x00x01011 1 3 0
x00x01101 1 3 0
x00x01110 1 3 3
x00x0111x 0 0 0
x00x011x1 0 0 3
x00x011xx 1 7 0
x00x01x11 0 0 3
x00x01x1x 1 6 0
x00x01xx1 1 3 0
x00x0x111 0 0 3
x00x0x11x 1 5 0
x00x0x1x1 1 3 0
x00x0xx11 1 3 0
x00x10011 1 3 0
x00x10101 1 3 0
x00x10110 1 3 0
x00x1011x 0 0 3
x00x101x1 0 0 3
x00x101xx 1 3 0
x00x10x11 0 0 3
x00x10x1x 1 3 0
x00x10xx1 1 3 0
x00x11001 1 3 0
x00x11010 1 3 3
x00x1101x 0 0 0
x00x110x1 0 0 3
x00x110xx 1 7 0
x00x11100 1 3 3
x00x1110x 0 0 0
x00x111x0 0 0 0
x00x11x01 0 0 3
x00x11x0x 1 6 0
x00x11x10 0 0 0
x00x11xx0 1 6 0
x00x11xxx 0 0 6
x00x1x011 0 0 3
x00x1x01x 1 5 0
x00x1x0x1 1 3 0
x00x1x101 0 0 3
x00x1x10x 1 5 0
x00x1x110 0 0 3
x00x1x1x0 1 5 0
x00x1x1xx 0 0 5
x00x1xx01 1 3 0
x00x1xx10 1 5 0
x00x1xx1x 0 0 5
x00x1xxx1 0 0 3
x00x1xxxx 1 5 0
x00xx0111 0 0 3
x00xx011x 1 3 0
x00xx01x1 1 3 0
x00xx0x11 1 3 0
x00xx1011 0 0 3
x00xx101x 1 4 0
x00xx10x1 1 3 0
x00xx1101 0 0 3
x00xx110x 1 4 0
x00xx1110 0 0 0
x00xx11x0 1 4 0
x00xx11xx 0 0 4
x00xx1x01 1 3 0
x00xx1x10 1 4 0
x00xx1x1x 0 0 4
x00xx1xx1 0 0 3
x00xx1xxx 1 6 0
x00xxx011 1 3 0
x00xxx101 1 3 0
x00xxx110 1 5 0
x00xxx11x 0 0 5
x00xxx1x1 0 0 3
x00xxx1xx 1 5 0
x00xxxx11 0 0 3
x00xxxx1x 1 5 0
x00xxxxx1 1 4 0
x01000111 0 0 0
x0100011x 1 8 0
x010001x1 1 7 0
x01000x11 1 6 0
x01001011 0 0 0
x0100101x 1 8 8
x010010x1 1 7 0
x01001101 0 0 0
x0100110x 1 8 0
x01001110 0 0 0
x010011x0 1 7 0
x010011xx 0 0 7
x01001x01 1 6 0
x01001x10 1 6 6
x01001x1x 0 0 0
x01001xx1 0 0 6
x01001xxx 1 7 0
x0100x011 1 5 0
x0100x101 1 5 0
x0100x110 1 5 0
x0100x11x 0 0 5
x0100x1x1 0 0 5
x0100x1xx 1 5 0
x0100xx11 0 0 5
x0100xx1x 1 5 0
x0100xxx1 1 6 0
x01010011 0 0 0
x0101001x 1 8 8
x010100x1 1 7 0
x01010101 0 0 0
x0101010x 1 8 0
x01010110 0 0 0
x010101x0 1 7 0
x010101xx 0 0 7
x01010x01 1 6 0
x01010x10 1 6 6
x01010x1x 0 0 0
x01010xx1 0 0 6
x01010xxx 1 7 0
x01011001 0 0 0
x0101100x 1 8 0
x01011010 0 0 0
x010110x0 1 7 0
x010110xx 0 0 7
x01011100 0 0 0
x01011x00 1 6 0
x01011x0x 0 0 6
x01011xx0 0 0 6
x0101x001 1 5 0
x0101x010 1 5 5
x0101x01x 0 0 0
x0101x0x1 0 0 5
x0101x0xx 1 7 0
x0101x100 1 5 0
x0101x10x 0 0 5
x0101x1x0 0 0 5
x0101xx01 0 0 5
x0101xx0x 1 5 0
x0101xx10 0 0 0
x0101xxx0 1 7 0
x0101xxxx 0 0 7
x010x0011 1 4 0
x010x0101 1 4 0
x010x0110 1 4 0
x010x011x 0 0 4
x010x01x1 0 0 4
x010x01xx 1 7 0
x010x0x11 0 0 4
x010x0x1x 1 4 0
x010x0xx1 1 4 0
x010x1001 1 4 0
x010x1010 1 4 4
x010x101x 0 0 0
x010x10x1 0 0 4
x010x10xx 1 7 0
x010x1100 1 4 0
x010x110x 0 0 4
x010x11x0 0 0 4
x010x1x01 0 0 4
x010x1x0x 1 4 0
x010x1x10 0 0 0
x010x1xx0 1 7 0
x010x1xxx 0 0 7
x010xx011 0 0 4
x010xx01x 1 4 0
x010xx0x1 1 4 0
x010xx101 0 0 4
x010xx10x 1 5 0
x010xx110 0 0 4
x010xx1x0 1 5 0
x010xx1xx 0 0 8
x010xxx01 1 4 0
x010xxx10 1 4 0
x010xxx1x 0 0 4
x010xxxx1 0 0 6
x010xxxxx 1 7 0
x01100011 0 0 0
x0110001x 1 0 0
x011000x1 1 0 0
x01100101 0 0 0
x0110010x 1 8 0
x01100110 0 0 0
x011001x0 1 7 0
x011001xx 0 0 7
x01100x01 1 6 0
x01100x10 1 6 6
x01100x1x 0 0 0
x01100xx1 0 0 6
x01100xxx 1 7 0
x01101001 0 0 0
x0110100x 1 8 0
x01101010 0 0 0
x011010x0 1 7 0
x011010xx 0 0 7
x01101100 0 0 0
x01101x00 1 6 0
x01101x0x 0 0 6
x01101xx0 0 0 6
x0110x001 1 5 0
x0110x010 1 5 5
x0110x01x 0 0 0
x0110x0x1 0 0 5
x0110x0xx 1 7 0
x0110x100 1 5 0
x0110x10x 0 0 5
x0110x1x0 0 0 5
x0110xx01 0 0 5
x0110xx0x 1 5 0
x0110xx10 0 0 0
x0110xxx0 1 7 0
x0110xxxx 0 0 5
x01110001 0 0 0
x0111000x 1 0 0
x01110010 0 0 0
x011100x0 1 0 0
x011100xx 0 7 7
x01110100 0 0 0
x01110x00 1 6 0
x01110x0x 0 0 6
x01110xx0 0 0 6
x01111000 0 0 0
x0111x000 1 5 0
x0111x00x 0 0 5
x0111x0x0 0 0 5
x0111xx00 0 0 5
x011x0001 1 0 0
x011x0010 1 0 0
x011x001x 0 0 0
x011x00x1 0 4 4
x011x00xx 1 0 0
x011x0100 1 4 0
x011x010x 0 0 4
x011x01x0 0 0 4
x011x0x01 0 0 6
x011x0x0x 1 6 0
x011x0x10 0 0 0
x011x0xx0 1 7 0
x011x0xxx 0 0 6
x011x1000 1 4 0
x011x100x 0 0 4
x011x10x0 0 0 4
x011x1x00 0 0 4
x011xx001 0 0 5
x011xx00x 1 5 0
x011xx010 0 0 0
x011xx0x0 1 7 0
x011xx0xx 0 0 5
x011xx100 0 0 4
x011xxx00 1 4 0
x011xxx0x 0 0 5
x011xxxx0 0 0 5
x01x00011 1 0 0
x01x00101 1 3 0
x01x00110 1 3 0
x01x0011x 0 0 3
x01x001x1 0 0 3
x01x001xx 1 3 0
x01x00x11 0 0 6
x01x00x1x 1 3 0
x01x00xx1 1 6 0
x01x01001 1 3 0
x01x01010 1 3 3
x01x0101x 0 0 0
x01x010x1 0 0 3
x01x010xx 1 7 0
x01x01100 1 3 0
x01x0110x 0 0 3
x01x011x0 0 0 3
x01x01x01 0 0 3
x01x01x0x 1 3 0
x01x01x10 0 0 0
x01x01xx0 1 7 0
x01x01xxx 0 0 7
x01x0x011 0 0 5
x01x0x01x 1 3 0
x01x0x0x1 1 5 0
x01x0x101 0 0 3
x01x0x10x 1 3 0
x01x0x110 0 0 3
x01x0x1x0 1 3 0
x01x0x1xx 0 0 8
x01x0xx01 1 3 0
x01x0xx10 1 3 0
x01x0xx1x 0 0 5
x01x0xxx1 0 0 6
x01x0xxxx 1 7 0
x01x10001 1 0 0
x01x10010 1 0 0
x01x1001x 0 0 0
x01x100x1 0 0 7
x01x100xx 1 7 0
x01x10100 1 3 0
x01x1010x 0 0 3
x01x101x0 0 0 3
x01x10x01 0 0 6
x01x10x0x 1 6 0
x01x10x10 0 0 0
x01x10xx0 1 7 0
x01x10xxx 0 0 6
x01x11000 1 3 0
x01x1100x 0 0 3
x01x110x0 0 0 3
x01x11x00 0 0 3
x01x1x001 0 0 5
x01x1x00x 1 5 0
x01x1x010 0 0 0
x01x1x0x0 1 7 0
x01x1x0xx 0 0 5
x01x1x100 0 0 3
x01x1xx00 1 3 0
x01x1xx0x 0 0 5
x01x1xxx0 0 0 5
x01xx0011 0 0 4
x01xx001x 1 4 0
x01xx00x1 1 4 0
x01xx0101 0 0 3
x01xx010x 1 3 0
x01xx0110 0 0 3
x01xx01x0 1 3 0
x01xx01xx 0 0 8
x01xx0x01 1 6 0
x01xx0x10 1 3 0
x01xx0x1x 0 0 6
x01xx0xx1 0 0 6
x01xx0xxx 1 7 0
x01xx1001 0 0 3
x01xx100x 1 3 0
x01xx1010 0 0 0
x01xx10x0 1 7 0
x01xx10xx 0 0 7
x01xx1100 0 0 3
x01xx1x00 1 3 0
x01xx1x0x 0 0 3
x01xx1xx0 0 0 7
x01xxx001 1 5 0
x01xxx010 1 3 3
x01xxx01x 0 0 5
x01xxx0x1 0 0 5
x01xxx0xx 1 7 0
x01xxx100 1 3 0
x01xxx10x 0 0 3
x01xxx1x0 0 0 4
x01xxxx01 0 0 6
x01xxxx0x 1 5 0
x01xxxx10 0 0 5
x01xxxxx0 1 7 0
x01xxxxxx 0 0 5
x0x000111 1 2 0
x0x001011 1 2 0
x0x001101 1 2 0
x0x001110 1 2 2
x0x00111x 0 0 0
x0x0011x1 0 0 2
x0x0011xx 1 7 0
x0x001x11 0 0 2
x0x001x1x 1 2 0
x0x001xx1 1 6 0
x0x00x111 0 0 2
x0x00x11x 1 5 0
x0x00x1x1 1 2 0
x0x00xx11 1 2 0
x0x010011 1 2 0
x0x010101 1 2 0
x0x010110 1 2 0
x0x01011x 0 0 2
x0x0101x1 0 0 2
x0x0101xx 1 7 0
x0x010x11 0 0 2
x0x010x1x 1 2 0
x0x010xx1 1 2 0
x0x011001 1 2 0
x0x011010 1 2 2
x0x01101x 0 0 0
x0x0110x1 0 0 2
x0x0110xx 1 7 0
x0x011100 1 2 2
x0x01110x 0 0 0
x0x0111x0 0 0 0
x0x011x01 0 0 2
x0x011x0x 1 6 0
x0x011x10 0 0 0
x0x011xx0 1 6 0
x0x011xxx 0 0 6
x0x01x011 0 0 2
x0x01x01x 1 2 0
x0x01x0x1 1 2 0
x0x01x101 0 0 2
x0x01x10x 1 5 0
x0x01x110 0 0 2
x0x01x1x0 1 5 0
x0x01x1xx 0 0 5
x0x01xx01 1 2 0
x0x01xx10 1 2 0
x0x01xx1x 0 0 2
x0x01xxx1 0 0 2
x0x01xxxx 1 5 0
x0x0x0111 0 0 2
x0x0x011x 1 2 0
x0x0x01x1 1 2 0
x0x0x0x11 1 2 0
x0x0x1011 0 0 2
x0x0x101x 1 2 0
x0x0x10x1 1 2 0
x0x0x1101 0 0 2
x0x0x110x 1 4 0
x0x0x1110 0 0 0
x0x0x11x0 1 4 0
x0x0x11xx 0 0 4
x0x0x1x01 1 4 0
x0x0x1x10 1 2 2
x0x0x1x1x 0 0 2
x0x0x1xx1 0 0 2
x0x0x1xxx 1 7 0
x0x0xx011 1 2 0
x0x0xx101 1 2 0
x0x0xx110 1 5 0
x0x0xx11x 0 0 5
x0x0xx1x1 0 0 2
x0x0xx1xx 1 5 0
x0x0xxx11 0 0 2
x0x0xxx1x 1 5 0
x0x0xxxx1 1 4 0
x0x100011 1 0 0
x0x100101 1 2 0
x0x100110 1 2 0
x0x10011x 0 0 2
x0x1001x1 0 0 2
x0x1001xx 1 2 0
x0x100x11 0 0 6
x0x100x1x 1 2 0
x0x100xx1 1 6 0
x0x101001 1 2 0
x0x101010 1 2 0
x0x10101x 0 0 2
x0x1010x1 0 0 2
x0x1010xx 1 2 0
x0x101100 1 2 0
x0x10110x 0 0 2
x0x1011x0 0 0 2
x0x101x01 0 0 2
x0x101x0x 1 2 0
x0x101x10 0 0 2
x0x101xx0 1 2 0
x0x101xxx 0 0 8
x0x10x011 0 0 5
x0x10x01x 1 2 0
x0x10x0x1 1 5 0
x0x10x101 0 0 2
x0x10x10x 1 2 0
x0x10x110 0 0 2
x0x10x1x0 1 2 0
x0x10x1xx 0 0 2
x0x10xx01 1 2 0
x0x10xx10 1 2 0
x0x10xx1x 0 0 2
x0x10xxx1 0 0 5
x0x10xxxx 1 6 0
x0x110001 1 0 0
x0x110010 1 0 0
x0x11001x 0 0 8
x0x1100x1 0 0 7
x0x1100xx 1 7 0
x0x110100 1 2 0
x0x11010x 0 0 2
x0x1101x0 0 0 2
x0x110x01 0 0 6
x0x110x0x 1 6 0
x0x110x10 0 0 6
x0x110xx0 1 6 0
x0x110xxx 0 0 6
x0x111000 1 2 0
x0x11100x 0 0 2
x0x1110x0 0 0 2
x0x111x00 0 0 2
x0x11x001 0 0 5
x0x11x00x 1 5 0
x0x11x010 0 0 5
x0x11x0x0 1 5 0
x0x11x0xx 0 0 5
x0x11x100 0 0 2
x0x11xx00 1 2 0
x0x11xx0x 0 0 6
x0x11xxx0 0 0 6
x0x1x0011 0 0 4
x0x1x001x 1 4 0
x0x1x00x1 1 4 0
x0x1x0101 0 0 2
x0x1x010x 1 2 0
x0x1x0110 0 0 2
x0x1x01x0 1 2 0
x0x1x01xx 0 0 2
x0x1x0x01 1 6 0
x0x1x0x10 1 2 0
x0x1x0x1x 0 0 6
x0x1x0xx1 0 0 6
x0x1x0xxx 1 6 0
x0x1x1001 0 0 2
x0x1x100x 1 2 0
x0x1x1010 0 0 2
x0x1x10x0 1 2 0
x0x1x10xx 0 0 2
x0x1x1100 0 0 2
x0x1x1x00 1 2 0
x0x1x1x0x 0 0 2
x0x1x1xx0 0 0 2
x0x1xx001 1 5 0
x0x1xx010 1 2 0
x0x1xx01x 0 0 5
x0x1xx0x1 0 0 5
x0x1xx0xx 1 5 0
x0x1xx100 1 2 0
x0x1xx10x 0 0 2
x0x1xx1x0 0 0 2
x0x1xxx01 0 0 5
x0x1xxx0x 1 6 0
x0x1xxx10 0 0 2
x0x1xxxx0 1 6 0
x0x1xxxxx 0 0 2
x0xx00111 0 0 2
x0xx0011x 1 2 0
x0xx001x1 1 2 0
x0xx00x11 1 6 0
x0xx01011 0 0 2
x0xx0101x 1 2 0
x0xx010x1 1 3 0
x0xx01101 0 0 2
x0xx0110x 1 2 0
x0xx01110 0 0 0
x0xx011x0 1 7 0
x0xx011xx 0 0 2
x0xx01x01 1 2 0
x0xx01x10 1 2 0
x0xx01x1x 0 0 2
x0xx01xx1 0 0 2
x0xx01xxx 1 7 0
x0xx0x011 1 5 0
x0xx0x101 1 2 0
x0xx0x110 1 5 0
x0xx0x11x 0 0 5
x0xx0x1x1 0 0 2
x0xx0x1xx 1 3 0
x0xx0xx11 0 0 5
x0xx0xx1x 1 5 0
x0xx0xxx1 1 5 0
x0xx10011 0 0 2
x0xx1001x 1 2 0
x0xx100x1 1 7 0
x0xx10101 0 0 2
x0xx1010x 1 3 0
x0xx10110 0 0 2
x0xx101x0 1 3 0
x0xx101xx 0 0 2
x0xx10x01 1 6 0
x0xx10x10 1 2 0
x0xx10x1x 0 0 2
x0xx10xx1 0 0 6
x0xx10xxx 1 8 0
x0xx11001 0 0 2
x0xx1100x 1 2 0
x0xx11010 0 0 0
x0xx110x0 1 7 0
x0xx110xx 0 0 7
x0xx11100 0 0 0
x0xx11x00 1 6 0
x0xx11x0x 0 0 6
x0xx11xx0 0 0 6
x0xx1x001 1 5 0
x0xx1x010 1 2 0
x0xx1x01x 0 0 5
x0xx1x0x1 0 0 5
x0xx1x0xx 1 7 0
x0xx1x100 1 5 0
x0xx1x10x 0 0 5
x0xx1x1x0 0 0 5
x0xx1xx01 0 0 5
x0xx1xx0x 1 8 0
x0xx1xx10 0 0 5
x0xx1xxx0 1 5 0
x0xx1xxxx 0 0 2
x0xxx0011 1 4 0
x0xxx0101 1 2 0
x0xxx0110 1 2 0
x0xxx011x 0 0 2
x0xxx01x1 0 0 2
x0xxx01xx 1 3 0
x0xxx0x11 0 0 4
x0xxx0x1x 1 2 0
x0xxx0xx1 1 4 0
x0xxx1001 1 3 0
x0xxx1010 1 2 0
x0xxx101x 0 0 2
x0xxx10x1 0 0 3
x0xxx10xx 1 7 0
x0xxx1100 1 4 0
x0xxx110x 0 0 2
x0xxx11x0 0 0 4
x0xxx1x01 0 0 2
x0xxx1x0x 1 6 0
x0xxx1x10 0 0 2
x0xxx1xx0 1 7 0
x0xxx1xxx 0 0 2
x0xxxx011 0 0 5
x0xxxx01x 1 2 0
x0xxxx0x1 1 4 0
x0xxxx101 0 0 2
x0xxxx10x 1 3 0
x0xxxx110 0 0 5
x0xxxx1x0 1 5 0
x0xxxx1xx 0 0 2
x0xxxxx01 1 4 0
x0xxxxx10 1 5 0
x0xxxxx1x 0 0 2
x0xxxxxx1 0 0 2
x0xxxxxxx 1 5 0
x10000111 0 0 0
x1000011x 1 8 0
x100001x1 1 7 0
x10000x11 1 6 0
x10001011 0 0 0
x1000101x 1 8 0
x100010x1 1 7 0
x10001101 0 0 0
x1000110x 1 0 0
x10001110 0 0 0
x100011x0 1 7 7
x100011xx 0 0 0
x10001x01 1 0 0
x10001x10 1 6 0
x10001x1x 0 0 6
x10001xx1 0 0 7
x10001xxx 1 6 0
x1000x011 1 5 0
x1000x101 1 0 0
x1000x110 1 5 0
x1000x11x 0 0 5
x1000x1x1 0 0 7
x1000x1xx 1 5 0
x1000xx11 0 0 5
x1000xx1x 1 5 0
x1000xxx1 1 7 0
x10010011 0 0 0
x1001001x 1 8 0
x100100x1 1 7 0
x10010101 0 0 0
x1001010x 1 0 0
x10010110 0 0 0
x100101x0 1 7 0
x100101xx 0 0 7
x10010x01 1 0 0
x10010x10 1 6 0
x10010x1x 0 0 6
x10010xx1 0 0 7
x10010xxx 1 7 0
x10011001 0 0 0
x1001100x 1 8 0
x10011010 0 0 0
x100110x0 1 7 0
x100110xx 0 0 7
x10011100 0 0 0
x10011x00 1 0 0
x10011x0x 0 0 8
x10011xx0 0 0 7
x1001x001 1 5 0
x1001x010 1 5 0
x1001x01x 0 0 5
x1001x0x1 0 0 5
x1001x0xx 1 5 0
x1001x100 1 0 0
x1001x10x 0 5 5
x1001x1x0 0 0 7
x1001xx01 0 0 5
x1001xx0x 1 5 0
x1001xx10 0 0 5
x1001xxx0 1 7 0
x1001xxxx 0 0 7
x100x0011 1 4 0
x100x0101 1 0 0
x100x0110 1 4 0
x100x011x 0 0 4
x100x01x1 0 0 7
x100x01xx 1 7 0
x100x0x11 0 0 4
x100x0x1x 1 6 0
x100x0xx1 1 7 0
x100x1001 1 4 0
x100x1010 1 4 0
x100x101x 0 0 4
x100x10x1 0 0 4
x100x10xx 1 4 0
x100x1100 1 0 0
x100x110x 0 0 0
x100x11x0 0 0 0
x100x1x01 0 0 4
x100x1x0x 1 4 0
x100x1x10 0 0 4
x100x1xx0 1 6 0
x100x1xxx 0 0 7
x100xx011 0 0 4
x100xx01x 1 4 0
x100xx0x1 1 4 0
x100xx101 0 4 4
x100xx10x 1 0 0
x100xx110 0 0 4
x100xx1x0 1 5 0
x100xx1xx 0 0 7
x100xxx01 1 4 0
x100xxx10 1 5 0
x100xxx1x 0 0 6
x100xxxx1 0 0 7
x100xxxxx 1 7 0
x10100011 0 0 0
x1010001x 1 8 0
x101000x1 1 7 0
x10100101 0 0 0
x1010010x 1 0 0
x10100110 0 0 0
x101001x0 1 7 0
x101001xx 0 0 7
x10100x01 1 0 0
x10100x10 1 6 0
x10100x1x 0 0 6
x10100xx1 0 0 7
x10100xxx 1 7 0
x10101001 0 0 0
x1010100x 1 8 0
x10101010 0 0 0
x101010x0 1 7 0
x101010xx 0 0 7
x10101100 0 0 0
x10101x00 1 6 0
x10101x0x 0 0 6
x10101xx0 0 0 6
x1010x001 1 5 0
x1010x010 1 5 0
x1010x01x 0 0 5
x1010x0x1 0 0 5
x1010x0xx 1 5 0
x1010x100 1 5 0
x1010x10x 0 0 5
x1010x1x0 0 0 5
x1010xx01 0 0 5
x1010xx0x 1 5 0
x1010xx10 0 0 5
x1010xxx0 1 5 0
x1010xxxx 0 0 7
x10110001 0 0 0
x1011000x 1 0 0
x10110010 0 0 0
x101100x0 1 7 0
x101100xx 0 0 7
x10110100 0 0 0
x10110x00 1 6 0
x10110x0x 0 0 6
x10110xx0 0 0 6
x10111000 0 0 0
x1011x000 1 5 0
x1011x00x 0 0 5
x1011x0x0 0 0 5
x1011xx00 0 0 5
x101x0001 1 0 0
x101x0010 1 4 0
x101x001x 0 0 4
x101x00x1 0 0 7
x101x00xx 1 7 0
x101x0100 1 4 0
x101x010x 0 0 4
x101x01x0 0 0 4
x101x0x01 0 4 4
x101x0x0x 1 4 0
x101x0x10 0 0 4
x101x0xx0 1 4 0
x101x0xxx 0 0 7
x101x1000 1 4 0
x101x100x 0 0 4
x101x10x0 0 0 4
x101x1x00 0 0 4
x101xx001 0 0 5
x101xx00x 1 5 0
x101xx010 0 0 4
x101xx0x0 1 4 0
x101xx0xx 0 0 5
x101xx100 0 0 4
x101xxx00 1 4 0
x101xxx0x 0 0 5
x101xxxx0 0 0 4
x10x00011 1 3 0
x10x00101 1 0 0
x10x00110 1 3 0
x10x0011x 0 0 3
x10x001x1 0 0 7
x10x001xx 1 7 0
x10x00x11 0 0 3
x10x00x1x 1 3 0
x10x00xx1 1 7 0
x10x01001 1 3 0
x10x01010 1 3 0
x10x0101x 0 0 3
x10x010x1 0 0 3
x10x010xx 1 3 0
x10x01100 1 3 3
x10x0110x 0 0 0
x10x011x0 0 0 0
x10x01x01 0 0 3
x10x01x0x 1 6 0
x10x01x10 0 0 3
x10x01xx0 1 6 0
x10x01xxx 0 0 3
x10x0x011 0 0 3
x10x0x01x 1 3 0
x10x0x0x1 1 3 0
x10x0x101 0 3 3
x10x0x10x 1 5 0
x10x0x110 0 0 3
x10x0x1x0 1 5 0
x10x0x1xx 0 0 7
x10x0xx01 1 3 0
x10x0xx10 1 3 0
x10x0xx1x 0 0 8
x10x0xxx1 0 0 7
x10x0xxxx 1 5 0
x10x10001 1 0 0
x10x10010 1 3 0
x10x1001x 0 0 3
x10x100x1 0 0 7
x10x100xx 1 7 0
x10x10100 1 3 0
x10x1010x 0 0 3
x10x101x0 0 0 3
x10x10x01 0 3 3
x10x10x0x 1 3 0
x10x10x10 0 0 3
x10x10xx0 1 3 0
x10x10xxx 0 0 7
x10x11000 1 3 0
x10x1100x 0 0 3
x10x110x0 0 0 3
x10x11x00 0 0 3
x10x1x001 0 0 5
x10x1x00x 1 5 0
x10x1x010 0 0 3
x10x1x0x0 1 3 0
x10x1x0xx 0 0 5
x10x1x100 0 0 3
x10x1xx00 1 3 0
x10x1xx0x 0 0 3
x10x1xxx0 0 0 3
x10xx0011 0 0 3
x10xx001x 1 3 0
x10xx00x1 1 7 0
x10xx0101 0 3 3
x10xx010x 1 3 0
x10xx0110 0 0 3
x10xx01x0 1 3 0
x10xx01xx 0 0 7
x10xx0x01 1 0 0
x10xx0x10 1 3 0
x10xx0x1x 0 0 3
x10xx0xx1 0 0 7
x10xx0xxx 1 7 0
x10xx1001 0 0 3
x10xx100x 1 3 0
x10xx1010 0 0 3
x10xx10x0 1 3 0
x10xx10xx 0 0 3
x10xx1100 0 0 0
x10xx1x00 1 6 0
x10xx1x0x 0 0 3
x10xx1xx0 0 0 3
x10xxx001 1 5 0
x10xxx010 1 3 0
x10xxx01x 0 0 3
x10xxx0x1 0 0 5
x10xxx0xx 1 5 0
x10xxx100 1 5 0
x10xxx10x 0 0 3
x10xxx1x0 0 0 3
x10xxxx01 0 0 5
x10xxxx0x 1 5 0
x10xxxx10 0 0 4
x10xxxxx0 1 6 0
x10xxxxxx 0 0 7
x11000011 0 0 0
x1100001x 1 8 0
x110000x1 1 7 0
x11000101 0 0 0
x1100010x 1 8 0
x11000110 0 0 0
x110001x0 1 7 0
x110001xx 0 0 7
x11000x01 1 6 0
x11000x10 1 6 0
x11000x1x 0 0 6
x11000xx1 0 0 6
x11000xxx 1 6 0
x11001001 0 0 0
x1100100x 1 8 0
x11001010 0 0 0
x110010x0 1 7 0
x110010xx 0 0 7
x11001100 0 0 0
x11001x00 1 6 0
x11001x0x 0 0 6
x11001xx0 0 0 6
x1100x001 1 5 0
x1100x010 1 5 0
x1100x01x 0 0 5
x1100x0x1 0 0 5
x1100x0xx 1 5 0
x1100x100 1 5 0
x1100x10x 0 0 5
x1100x1x0 0 0 5
x1100xx01 0 0 5
x1100xx0x 1 5 0
x1100xx10 0 0 5
x1100xxx0 1 5 0
x1100xxxx 0 0 5
x11010001 0 0 0
x1101000x 1 8 0
x11010010 0 0 0
x110100x0 1 7 0
x110100xx 0 0 7
x11010100 0 0 0
x11010x00 1 6 0
x11010x0x 0 0 6
x11010xx0 0 0 6
x11011000 0 0 0
x1101x000 1 5 0
x1101x00x 0 0 5
x1101x0x0 0 0 5
x1101xx00 0 0 5
x110x0001 1 4 0
x110x0010 1 4 0
x110x001x 0 0 4
x110x00x1 0 0 4
x110x00xx 1 4 0
x110x0100 1 4 0
x110x010x 0 0 4
x110x01x0 0 0 4
x110x0x01 0 0 4
x110x0x0x 1 4 0
x110x0x10 0 0 4
x110x0xx0 1 4 0
x110x0xxx 0 0 4
x110x1000 1 4 0
x110x100x 0 0 4
x110x10x0 0 0 4
x110x1x00 0 0 4
x110xx001 0 0 4
x110xx00x 1 4 0
x110xx010 0 0 4
x110xx0x0 1 4 0
x110xx0xx 0 0 4
x110xx100 0 0 4
x110xxx00 1 4 0
x110xxx0x 0 0 6
x110xxxx0 0 0 4
x11100001 0 0 0
x1110000x 1 0 0
x11100010 0 0 0
x111000x0 1 7 0
x111000xx 0 0 7
x11100100 0 0 0
x11100x00 1 6 0
x11100x0x 0 0 6
x11100xx0 0 0 6
x11101000 0 0 0
x1110x000 1 5 0
x1110x00x 0 0 5
x1110x0x0 0 0 5
x1110xx00 0 0 5
x11110000 0 0 0
x111x0000 1 4 0
x111x000x 0 0 4
x111x00x0 0 0 4
x111x0x00 0 0 4
x111xx000 0 0 4
x11x00001 1 0 0
x11x00010 1 3 0
x11x0001x 0 0 3
x11x000x1 0 0 7
x11x000xx 1 7 0
x11x00100 1 3 0
x11x0010x 0 0 3
x11x001x0 0 0 3
x11x00x01 0 0 6
x11x00x0x 1 6 0
x11x00x10 0 0 3
x11x00xx0 1 3 0
x11x00xxx 0 0 6
x11x01000 1 3 0
x11x0100x 0 0 3
x11x010x0 0 0 3
x11x01x00 0 0 3
x11x0x001 0 0 5
x11x0x00x 1 5 0
x11x0x010 0 0 3
x11x0x0x0 1 3 0
x11x0x0xx 0 0 5
x11x0x100 0 0 3
x11x0xx00 1 3 0
x11x0xx0x 0 0 5
x11x0xxx0 0 0 3
x11x10000 1 3 0
x11x1000x 0 0 3
x11x100x0 0 0 3
x11x10x00 0 0 3
x11x1x000 0 0 3
x11xx0001 0 0 4
x11xx000x 1 4 0
x11xx0010 0 0 3
x11xx00x0 1 3 0
x11xx00xx 0 0 4
x11xx0100 0 0 3
x11xx0x00 1 3 0
x11xx0x0x 0 0 4
x11xx0xx0 0 0 4
x11xx1000 0 0 3
x11xxx000 1 3 0
x11xxx00x 0 0 4
x11xxx0x0 0 0 3
x11xxxx00 0 0 4
x1x000011 1 2 0
x1x000101 1 2 0
x1x000110 1 2 0
x1x00011x 0 0 2
x1x0001x1 0 0 2
x1x0001xx 1 2 0
x1x000x11 0 0 2
x1x000x1x 1 2 0
x1x000xx1 1 2 0
x1x001001 1 2 0
x1x001010 1 2 0
x1x00101x 0 0 2
x1x0010x1 0 0 2
x1x0010xx 1 2 0
x1x001100 1 2 2
x1x00110x 0 0 0
x1x0011x0 0 0 0
x1x001x01 0 0 2
x1x001x0x 1 6 0
x1x001x10 0 0 2
x1x001xx0 1 6 0
x1x001xxx 0 0 6
x1x00x011 0 0 2
x1x00x01x 1 2 0
x1x00x0x1 1 2 0
x1x00x101 0 0 2
x1x00x10x 1 5 0
x1x00x110 0 0 2
x1x00x1x0 1 5 0
x1x00x1xx 0 0 2
x1x00xx01 1 2 0
x1x00xx10 1 2 0
x1x00xx1x 0 0 8
x1x00xxx1 0 0 7
x1x00xxxx 1 2 0
x1x010001 1 2 0
x1x010010 1 2 0
x1x01001x 0 0 2
x1x0100x1 0 0 2
x1x0100xx 1 2 0
x1x010100 1 2 0
x1x01010x 0 0 2
x1x0101x0 0 0 2
x1x010x01 0 0 2
x1x010x0x 1 2 0
x1x010x10 0 0 2
x1x010xx0 1 2 0
x1x010xxx 0 0 2
x1x011000 1 2 0
x1x01100x 0 0 2
x1x0110x0 0 0 2
x1x011x00 0 0 2
x1x01x001 0 0 2
x1x01x00x 1 2 0
x1x01x010 0 0 2
x1x01x0x0 1 2 0
x1x01x0xx 0 0 2
x1x01x100 0 0 2
x1x01xx00 1 2 0
x1x01xx0x 0 0 2
x1x01xxx0 0 0 2
x1x0x0011 0 0 2
x1x0x001x 1 2 0
x1x0x00x1 1 2 0
x1x0x0101 0 0 2
x1x0x010x 1 2 0
x1x0x0110 0 0 2
x1x0x01x0 1 2 0
x1x0x01xx 0 0 7
x1x0x0x01 1 2 0
x1x0x0x10 1 2 0
x1x0x0x1x 0 0 6
x1x0x0xx1 0 0 2
x1x0x0xxx 1 2 0
x1x0x1001 0 0 2
x1x0x100x 1 2 0
x1x0x1010 0 0 2
x1x0x10x0 1 2 0
x1x0x10xx 0 0 2
x1x0x1100 0 0 0
x1x0x1x00 1 6 0
x1x0x1x0x 0 0 2
x1x0x1xx0 0 0 6
x1x0xx001 1 2 0
x1x0xx010 1 2 0
x1x0xx01x 0 0 8
x1x0xx0x1 0 0 7
x1x0xx0xx 1 2 0
x1x0xx100 1 5 0
x1x0xx10x 0 0 2
x1x0xx1x0 0 0 7
x1x0xxx01 0 0 2
x1x0xxx0x 1 2 0
x1x0xxx10 0 0 6
x1x0xxxx0 1 2 0
x1x0xxxxx 0 0 6
x1x100001 1 0 0
x1x100010 1 2 0
x1x10001x 0 0 2
x1x1000x1 0 0 7
x1x1000xx 1 7 0
x1x100100 1 2 0
x1x10010x 0 0 2
x1x1001x0 0 0 2
x1x100x01 0 2 2
x1x100x0x 1 2 0
x1x100x10 0 0 2
x1x100xx0 1 2 0
x1x100xxx 0 0 7
x1x101000 1 2 0
x1x10100x 0 0 2
x1x1010x0 0 0 2
x1x101x00 0 0 2
x1x10x001 0 0 5
x1x10x00x 1 5 0
x1x10x010 0 0 2
x1x10x0x0 1 2 0
x1x10x0xx 0 0 5
x1x10x100 0 0 2
x1x10xx00 1 2 0
x1x10xx0x 0 0 5
x1x10xxx0 0 0 5
x1x110000 1 2 0
x1x11000x 0 0 2
x1x1100x0 0 0 2
x1x110x00 0 0 2
x1x11x000 0 0 2
x1x1x0001 0 2 2
x1x1x000x 1 2 0
x1x1x0010 0 0 2
x1x1x00x0 1 2 0
x1x1x00xx 0 0 7
x1x1x0100 0 0 2
x1x1x0x00 1 2 0
x1x1x0x0x 0 0 4
x1x1x0xx0 0 0 4
x1x1x1000 0 0 2
x1x1xx000 1 2 0
x1x1xx00x 0 0 5
x1x1xx0x0 0 0 4
x1x1xxx00 0 0 4
x1xx00011 0 0 2
x1xx0001x 1 2 0
x1xx000x1 1 7 0
x1xx00101 0 0 2
x1xx0010x 1 2 0
x1xx00110 0 0 2
x1xx001x0 1 2 0
x1xx001xx 0 0 7
x1xx00x01 1 2 0
x1xx00x10 1 2 0
x1xx00x1x 0 0 8
x1xx00xx1 0 0 7
x1xx00xxx 1 2 0
x1xx01001 0 0 2
x1xx0100x 1 2 0
x1xx01010 0 0 2
x1xx010x0 1 2 0
x1xx010xx 0 0 3
x1xx01100 0 0 0
x1xx01x00 1 6 0
x1xx01x0x 0 0 3
x1xx01xx0 0 0 6
x1xx0x001 1 5 0
x1xx0x010 1 2 0
x1xx0x01x 0 0 8
x1xx0x0x1 0 0 7
x1xx0x0xx 1 2 0
x1xx0x100 1 5 0
x1xx0x10x 0 0 2
x1xx0x1x0 0 0 5
x1xx0xx01 0 0 2
x1xx0xx0x 1 2 0
x1xx0xx10 0 0 3
x1xx0xxx0 1 2 0
x1xx0xxxx 0 0 8
x1xx10001 0 0 2
x1xx1000x 1 2 0
x1xx10010 0 0 2
x1xx100x0 1 2 0
x1xx100xx 0 0 2
x1xx10100 0 0 2
x1xx10x00 1 2 0
x1xx10x0x 0 0 2
x1xx10xx0 0 0 3
x1xx11000 0 0 2
x1xx1x000 1 2 0
x1xx1x00x 0 0 2
x1xx1x0x0 0 0 3
x1xx1xx00 0 0 3
x1xxx0001 1 2 0
x1xxx0010 1 2 0
x1xxx001x 0 0 3
x1xxx00x1 0 0 7
x1xxx00xx 1 2 0
x1xxx0100 1 2 0
x1xxx010x 0 0 2
x1xxx01x0 0 0 4
x1xxx0x01 0 0 2
x1xxx0x0x 1 2 0
x1xxx0x10 0 0 4
x1xxx0xx0 1 2 0
x1xxx0xxx 0 0 7
x1xxx1000 1 2 0
x1xxx100x 0 0 3
x1xxx10x0 0 0 3
x1xxx1x00 0 0 2
x1xxxx001 0 0 5
x1xxxx00x 1 2 0
x1xxxx010 0 0 3
x1xxxx0x0 1 2 0
x1xxxx0xx 0 0 3
x1xxxx100 0 0 3
x1xxxxx00 1 2 0
x1xxxxx0x 0 0 2
x1xxxxxx0 0 0 4
xx0000111 1 1 0
xx0001011 1 1 0
xx0001101 1 0 0
xx0001110 1 1 1
xx000111x 0 0 0
xx00011x1 0 0 7
xx00011xx 1 1 0
xx0001x11 0 0 1
xx0001x1x 1 6 0
xx0001xx1 1 7 0
xx000x111 0 0 1
xx000x11x 1 5 0
xx000x1x1 1 7 0
xx000xx11 1 1 0
xx0010011 1 1 0
xx0010101 1 0 0
xx0010110 1 1 0
xx001011x 0 0 1
xx00101x1 0 0 7
xx00101xx 1 7 0
xx0010x11 0 0 1
xx0010x1x 1 6 0
xx0010xx1 1 7 0
xx0011001 1 1 0
xx0011010 1 1 1
xx001101x 0 0 0
xx00110x1 0 0 1
xx00110xx 1 7 0
xx0011100 1 0 0
xx001110x 0 0 0
xx00111x0 0 0 0
xx0011x01 0 0 1
xx0011x0x 1 6 0
xx0011x10 0 0 0
xx0011xx0 1 6 0
xx0011xxx 0 0 7
xx001x011 0 0 1
xx001x01x 1 5 0
xx001x0x1 1 1 0
xx001x101 0 0 5
xx001x10x 1 5 0
xx001x110 0 0 1
xx001x1x0 1 5 0
xx001x1xx 0 0 7
xx001xx01 1 5 0
xx001xx10 1 5 0
xx001xx1x 0 0 5
xx001xxx1 0 0 5
xx001xxxx 1 5 0
xx00x0111 0 0 1
xx00x011x 1 1 0
xx00x01x1 1 7 0
xx00x0x11 1 1 0
xx00x1011 0 0 1
xx00x101x 1 4 0
xx00x10x1 1 1 0
xx00x1101 0 0 4
xx00x110x 1 4 0
xx00x1110 0 0 0
xx00x11x0 1 1 1
xx00x11xx 0 0 7
xx00x1x01 1 4 0
xx00x1x10 1 4 0
xx00x1x1x 0 0 6
xx00x1xx1 0 0 7
xx00x1xxx 1 6 0
xx00xx011 1 1 0
xx00xx101 1 4 0
xx00xx110 1 5 0
xx00xx11x 0 0 5
xx00xx1x1 0 0 7
xx00xx1xx 1 5 0
xx00xxx11 0 0 1
xx00xxx1x 1 5 0
xx00xxxx1 1 4 0
xx0100011 1 1 0
xx0100101 1 0 0
xx0100110 1 1 0
xx010011x 0 0 1
xx01001x1 0 0 7
xx01001xx 1 7 0
xx0100x11 0 0 1
xx0100x1x 1 1 0
xx0100xx1 1 7 0
xx0101001 1 1 0
xx0101010 1 1 0
xx010101x 0 0 1
xx01010x1 0 0 1
xx01010xx 1 1 0
xx0101100 1 1 0
xx010110x 0 0 1
xx01011x0 0 0 1
xx0101x01 0 0 1
xx0101x0x 1 1 0
xx0101x10 0 0 1
xx0101xx0 1 1 0
xx0101xxx 0 0 8
xx010x011 0 0 1
xx010x01x 1 1 0
xx010x0x1 1 1 0
xx010x101 0 0 5
xx010x10x 1 5 0
xx010x110 0 0 1
xx010x1x0 1 1 0
xx010x1xx 0 0 5
xx010xx01 1 5 0
xx010xx10 1 1 0
xx010xx1x 0 0 1
xx010xxx1 0 0 5
xx010xxxx 1 6 0
xx0110001 1 0 0
xx0110010 1 1 0
xx011001x 0 0 1
xx01100x1 0 0 7
xx01100xx 1 7 0
xx0110100 1 1 0
xx011010x 0 0 1
xx01101x0 0 0 1
xx0110x01 0 0 6
xx0110x0x 1 6 0
xx0110x10 0 0 1
xx0110xx0 1 1 0
xx0110xxx 0 0 6
xx0111000 1 1 0
xx011100x 0 0 1
xx01110x0 0 0 1
xx0111x00 0 0 1
xx011x001 0 0 5
xx011x00x 1 5 0
xx011x010 0 0 1
xx011x0x0 1 1 0
xx011x0xx 0 0 7
xx011x100 0 0 1
xx011xx00 1 1 0
xx011xx0x 0 0 6
xx011xxx0 0 0 1
xx01x0011 0 0 1
xx01x001x 1 1 0
xx01x00x1 1 7 0
xx01x0101 0 0 4
xx01x010x 1 4 0
xx01x0110 0 0 1
xx01x01x0 1 1 0
xx01x01xx 0 0 4
xx01x0x01 1 4 0
xx01x0x10 1 1 0
xx01x0x1x 0 0 1
xx01x0xx1 0 0 7
xx01x0xxx 1 6 0
xx01x1001 0 0 1
xx01x100x 1 1 0
xx01x1010 0 0 1
xx01x10x0 1 1 0
xx01x10xx 0 0 1
xx01x1100 0 0 1
xx01x1x00 1 1 0
xx01x1x0x 0 0 1
xx01x1xx0 0 0 1
xx01xx001 1 5 0
xx01xx010 1 1 0
xx01xx01x 0 0 1
xx01xx0x1 0 0 5
xx01xx0xx 1 7 0
xx01xx100 1 1 0
xx01xx10x 0 0 4
xx01xx1x0 0 0 1
xx01xxx01 0 0 5
xx01xxx0x 1 6 0
xx01xxx10 0 0 1
xx01xxxx0 1 6 0
xx01xxxxx 0 0 1
xx0x00111 0 0 1
xx0x0011x 1 1 0
xx0x001x1 1 7 0
xx0x00x11 1 1 0
xx0x01011 0 0 1
xx0x0101x 1 1 0
xx0x010x1 1 1 0
xx0x01101 0 0 3
xx0x0110x 1 1 0
xx0x01110 0 0 0
xx0x011x0 1 1 0
xx0x011xx 0 0 7
xx0x01x01 1 3 0
xx0x01x10 1 6 0
xx0x01x1x 0 0 1
xx0x01xx1 0 0 3
xx0x01xxx 1 6 0
xx0x0x011 1 1 0
xx0x0x101 1 3 0
xx0x0x110 1 5 0
xx0x0x11x 0 0 5
xx0x0x1x1 0 0 7
xx0x0x1xx 1 5 0
xx0x0xx11 0 0 1
xx0x0xx1x 1 5 0
xx0x0xxx1 1 7 0
xx0x10011 0 0 1
xx0x1001x 1 3 0
xx0x100x1 1 7 0
xx0x10101 0 0 3
xx0x1010x 1 3 0
xx0x10110 0 0 1
xx0x101x0 1 1 0
xx0x101xx 0 0 3
xx0x10x01 1 3 0
xx0x10x10 1 1 0
xx0x10x1x 0 0 1
xx0x10xx1 0 0 7
xx0x10xxx 1 8 0
xx0x11001 0 0 1
xx0x1100x 1 1 0
xx0x11010 0 0 0
xx0x110x0 1 7 0
xx0x110xx 0 0 7
xx0x11100 0 0 0
xx0x11x00 1 6 0
xx0x11x0x 0 0 3
xx0x11xx0 0 0 7
xx0x1x001 1 5 0
xx0x1x010 1 5 0
xx0x1x01x 0 0 5
xx0x1x0x1 0 0 5
xx0x1x0xx 1 8 0
xx0x1x100 1 5 0
xx0x1x10x 0 0 3
xx0x1x1x0 0 0 3
xx0x1xx01 0 0 5
xx0x1xx0x 1 8 0
xx0x1xx10 0 0 1
xx0x1xxx0 1 5 0
xx0x1xxxx 0 0 1
xx0xx0011 1 1 0
xx0xx0101 1 3 0
xx0xx0110 1 1 0
xx0xx011x 0 0 1
xx0xx01x1 0 0 7
xx0xx01xx 1 3 0
xx0xx0x11 0 0 1
xx0xx0x1x 1 1 0
xx0xx0xx1 1 4 0
xx0xx1001 1 1 0
xx0xx1010 1 4 0
xx0xx101x 0 0 1
xx0xx10x1 0 0 1
xx0xx10xx 1 7 0
xx0xx1100 1 1 0
xx0xx110x 0 0 3
xx0xx11x0 0 0 7
xx0xx1x01 0 0 3
xx0xx1x0x 1 6 0
xx0xx1x10 0 0 4
xx0xx1xx0 1 6 0
xx0xx1xxx 0 0 1
xx0xxx011 0 0 1
xx0xxx01x 1 5 0
xx0xxx0x1 1 4 0
xx0xxx101 0 0 3
xx0xxx10x 1 3 0
xx0xxx110 0 0 1
xx0xxx1x0 1 5 0
xx0xxx1xx 0 0 1
xx0xxxx01 1 4 0
xx0xxxx10 1 5 0
xx0xxxx1x 0 0 1
xx0xxxxx1 0 0 1
xx0xxxxxx 1 5 0
xx1000011 1 1 0
xx1000101 1 1 0
xx1000110 1 1 0
xx100011x 0 0 1
xx10001x1 0 0 1
xx10001xx 1 1 0
xx1000x11 0 0 1
xx1000x1x 1 1 0
xx1000xx1 1 1 0
xx1001001 1 1 0
xx1001010 1 1 1
xx100101x 0 0 0
xx10010x1 0 0 1
xx10010xx 1 7 0
xx1001100 1 1 0
xx100110x 0 0 1
xx10011x0 0 0 1
xx1001x01 0 0 1
xx1001x0x 1 1 0
xx1001x10 0 0 0
xx1001xx0 1 7 0
xx1001xxx 0 0 7
xx100x011 0 0 1
xx100x01x 1 5 0
xx100x0x1 1 1 0
xx100x101 0 0 1
xx100x10x 1 1 0
xx100x110 0 0 1
xx100x1x0 1 1 0
xx100x1xx 0 0 8
xx100xx01 1 1 0
xx100xx10 1 5 0
xx100xx1x 0 0 5
xx100xxx1 0 0 6
xx100xxxx 1 1 0
xx1010001 1 1 0
xx1010010 1 1 1
xx101001x 0 0 0
xx10100x1 0 0 1
xx10100xx 1 7 0
xx1010100 1 1 0
xx101010x 0 0 1
xx10101x0 0 0 1
xx1010x01 0 0 1
xx1010x0x 1 1 0
xx1010x10 0 0 0
xx1010xx0 1 7 0
xx1010xxx 0 0 7
xx1011000 1 1 0
xx101100x 0 0 1
xx10110x0 0 0 1
xx1011x00 0 0 1
xx101x001 0 0 1
xx101x00x 1 1 0
xx101x010 0 0 0
xx101x0x0 1 7 0
xx101x0xx 0 0 7
xx101x100 0 0 1
xx101xx00 1 1 0
xx101xx0x 0 0 6
xx101xxx0 0 0 7
xx10x0011 0 0 1
xx10x001x 1 4 0
xx10x00x1 1 1 0
xx10x0101 0 0 1
xx10x010x 1 1 0
xx10x0110 0 0 1
xx10x01x0 1 1 0
xx10x01xx 0 0 1
xx10x0x01 1 1 0
xx10x0x10 1 4 0
xx10x0x1x 0 0 4
xx10x0xx1 0 0 6
xx10x0xxx 1 1 0
xx10x1001 0 0 1
xx10x100x 1 1 0
xx10x1010 0 0 0
xx10x10x0 1 7 0
xx10x10xx 0 0 7
xx10x1100 0 0 1
xx10x1x00 1 1 0
xx10x1x0x 0 0 6
xx10x1xx0 0 0 7
xx10xx001 1 1 0
xx10xx010 1 4 0
xx10xx01x 0 0 4
xx10xx0x1 0 0 1
xx10xx0xx 1 7 0
xx10xx100 1 1 0
xx10xx10x 0 0 8
xx10xx1x0 0 0 4
xx10xxx01 0 0 6
xx10xxx0x 1 1 0
xx10xxx10 0 0 4
xx10xxxx0 1 7 0
xx10xxxxx 0 0 6
xx1100001 1 0 0
xx1100010 1 1 1
xx110001x 0 0 0
xx11000x1 0 1 1
xx11000xx 1 7 0
xx1100100 1 1 0
xx110010x 0 0 1
xx11001x0 0 0 1
xx1100x01 0 0 6
xx1100x0x 1 6 0
xx1100x10 0 0 0
xx1100xx0 1 7 0
xx1100xxx 0 0 6
xx1101000 1 1 0
xx110100x 0 0 1
xx11010x0 0 0 1
xx1101x00 0 0 1
xx110x001 0 0 5
xx110x00x 1 5 0
xx110x010 0 0 0
xx110x0x0 1 7 0
xx110x0xx 0 0 5
xx110x100 0 0 1
xx110xx00 1 1 0
xx110xx0x 0 0 5
xx110xxx0 0 0 7
xx1110000 1 1 0
xx111000x 0 0 1
xx11100x0 0 0 1
xx1110x00 0 0 1
xx111x000 0 0 1
xx11x0001 0 1 1
xx11x000x 1 1 0
xx11x0010 0 0 0
xx11x00x0 1 7 0
xx11x00xx 0 0 1
xx11x0100 0 0 1
xx11x0x00 1 1 0
xx11x0x0x 0 0 6
xx11x0xx0 0 0 1
xx11x1000 0 0 1
xx11xx000 1 1 0
xx11xx00x 0 0 5
xx11xx0x0 0 0 1
xx11xxx00 0 0 4
xx1x00011 0 0 1
xx1x0001x 1 3 0
xx1x000x1 1 1 0
xx1x00101 0 0 1
xx1x0010x 1 1 0
xx1x00110 0 0 1
xx1x001x0 1 1 0
xx1x001xx 0 0 8
xx1x00x01 1 6 0
xx1x00x10 1 3 0
xx1x00x1x 0 0 1
xx1x00xx1 0 0 6
xx1x00xxx 1 1 0
xx1x01001 0 0 1
xx1x0100x 1 1 0
xx1x01010 0 0 0
xx1x010x0 1 7 0
xx1x010xx 0 0 7
xx1x01100 0 0 1
xx1x01x00 1 1 0
xx1x01x0x 0 0 8
xx1x01xx0 0 0 7
xx1x0x001 1 5 0
xx1x0x010 1 3 0
xx1x0x01x 0 0 5
xx1x0x0x1 0 0 5
xx1x0x0xx 1 7 0
xx1x0x100 1 1 0
xx1x0x10x 0 0 8
xx1x0x1x0 0 0 1
xx1x0xx01 0 0 6
xx1x0xx0x 1 1 0
xx1x0xx10 0 0 3
xx1x0xxx0 1 7 0
xx1x0xxxx 0 0 8
xx1x10001 0 0 1
xx1x1000x 1 1 0
xx1x10010 0 0 0
xx1x100x0 1 7 0
xx1x100xx 0 0 1
xx1x10100 0 0 1
xx1x10x00 1 1 0
xx1x10x0x 0 0 1
xx1x10xx0 0 0 1
xx1x11000 0 0 1
xx1x1x000 1 1 0
xx1x1x00x 0 0 1
xx1x1x0x0 0 0 1
xx1x1xx00 0 0 1
xx1xx0001 1 1 0
xx1xx0010 1 3 0
xx1xx001x 0 0 1
xx1xx00x1 0 0 1
xx1xx00xx 1 1 0
xx1xx0100 1 1 0
xx1xx010x 0 0 8
xx1xx01x0 0 0 4
xx1xx0x01 0 0 6
xx1xx0x0x 1 1 0
xx1xx0x10 0 0 4
xx1xx0xx0 1 7 0
xx1xx0xxx 0 0 6
xx1xx1000 1 1 0
xx1xx100x 0 0 3
xx1xx10x0 0 0 3
xx1xx1x00 0 0 4
xx1xxx001 0 0 5
xx1xxx00x 1 1 0
xx1xxx010 0 0 5
xx1xxx0x0 1 7 0
xx1xxx0xx 0 0 3
xx1xxx100 0 0 4
xx1xxxx00 1 1 0
xx1xxxx0x 0 0 6
xx1xxxxx0 0 0 4
xxx000111 0 0 1
xxx00011x 1 1 0
xxx0001x1 1 1 0
xxx000x11 1 1 0
xxx001011 0 0 1
xxx00101x 1 2 0
xxx0010x1 1 1 0
xxx001101 0 0 2
xxx00110x 1 1 0
xxx001110 0 0 0
xxx0011x0 1 1 0
xxx0011xx 0 0 7
xxx001x01 1 2 0
xxx001x10 1 2 0
xxx001x1x 0 0 6
xxx001xx1 0 0 7
xxx001xxx 1 7 0
xxx00x011 1 1 0
xxx00x101 1 2 0
xxx00x110 1 5 0
xxx00x11x 0 0 5
xxx00x1x1 0 0 2
xxx00x1xx 1 5 0
xxx00xx11 0 0 6
xxx00xx1x 1 5 0
xxx00xxx1 1 2 0
xxx010011 0 0 1
xxx01001x 1 2 0
xxx0100x1 1 1 0
xxx010101 0 0 2
xxx01010x 1 2 0
xxx010110 0 0 1
xxx0101x0 1 1 0
xxx0101xx 0 0 7
xxx010x01 1 2 0
xxx010x10 1 2 0
xxx010x1x 0 0 2
xxx010xx1 0 0 2
xxx010xxx 1 8 0
xxx011001 0 0 1
xxx01100x 1 1 0
xxx011010 0 0 0
xxx0110x0 1 7 0
xxx0110xx 0 0 7
xxx011100 0 0 0
xxx011x00 1 6 0
xxx011x0x 0 0 6
xxx011xx0 0 0 7
xxx01x001 1 1 0
xxx01x010 1 2 0
xxx01x01x 0 0 2
xxx01x0x1 0 0 1
xxx01x0xx 1 7 0
xxx01x100 1 5 0
xxx01x10x 0 0 2
xxx01x1x0 0 0 7
xxx01xx01 0 0 2
xxx01xx0x 1 8 0
xxx01xx10 0 0 2
xxx01xxx0 1 7 0
xxx01xxxx 0 0 6
xxx0x0011 1 1 0
xxx0x0101 1 2 0
xxx0x0110 1 1 0
xxx0x011x 0 0 1
xxx0x01x1 0 0 2
xxx0x01xx 1 7 0
xxx0x0x11 0 0 6
xxx0x0x1x 1 2 0
xxx0x0xx1 1 4 0
xxx0x1001 1 1 0
xxx0x1010 1 2 0
xxx0x101x 0 0 2
xxx0x10x1 0 0 1
xxx0x10xx 1 7 0
xxx0x1100 1 1 0
xxx0x110x 0 0 2
xxx0x11x0 0 0 7
xxx0x1x01 0 0 4
xxx0x1x0x 1 6 0
xxx0x1x10 0 0 4
xxx0x1xx0 1 7 0
xxx0x1xxx 0 0 6
xxx0xx011 0 0 1
xxx0xx01x 1 2 0
xxx0xx0x1 1 4 0
xxx0xx101 0 0 2
xxx0xx10x 1 5 0
xxx0xx110 0 0 5
xxx0xx1x0 1 5 0
xxx0xx1xx 0 0 7
xxx0xxx01 1 4 0
xxx0xxx10 1 5 0
xxx0xxx1x 0 0 6
xxx0xxxx1 0 0 6
xxx0xxxxx 1 7 0
xxx100011 0 0 1
xxx10001x 1 2 0
xxx1000x1 1 1 0
xxx100101 0 0 2
xxx10010x 1 2 0
xxx100110 0 0 1
xxx1001x0 1 1 0
xxx1001xx 0 0 2
xxx100x01 1 2 0
xxx100x10 1 2 0
xxx100x1x 0 0 1
xxx100xx1 0 0 6
xxx100xxx 1 6 0
xxx101001 0 0 1
xxx10100x 1 1 0
xxx101010 0 0 1
xxx1010x0 1 1 0
xxx1010xx 0 0 8
xxx101100 0 0 1
xxx101x00 1 1 0
xxx101x0x 0 0 8
xxx101xx0 0 0 1
xxx10x001 1 5 0
xxx10x010 1 2 0
xxx10x01x 0 0 1
xxx10x0x1 0 0 5
xxx10x0xx 1 7 0
xxx10x100 1 1 0
xxx10x10x 0 0 2
xxx10x1x0 0 0 1
xxx10xx01 0 0 5
xxx10xx0x 1 6 0
xxx10xx10 0 0 2
xxx10xxx0 1 6 0
xxx10xxxx 0 0 8
xxx110001 0 1 1
xxx11000x 1 1 0
xxx110010 0 0 1
xxx1100x0 1 1 0
xxx1100xx 0 0 1
xxx110100 0 0 1
xxx110x00 1 1 0
xxx110x0x 0 0 6
xxx110xx0 0 0 1
xxx111000 0 0 1
xxx11x000 1 1 0
xxx11x00x 0 0 5
xxx11x0x0 0 0 1
xxx11xx00 0 0 1
xxx1x0001 1 0 0
xxx1x0010 1 2 0
xxx1x001x 0 0 1
xxx1x00x1 0 0 7
xxx1x00xx 1 7 0
xxx1x0100 1 1 0
xxx1x010x 0 0 2
xxx1x01x0 0 0 2
xxx1x0x01 0 0 6
xxx1x0x0x 1 6 0
xxx1x0x10 0 0 1
xxx1x0xx0 1 6 0
xxx1x0xxx 0 0 6
xxx1x1000 1 1 0
xxx1x100x 0 0 1
xxx1x10x0 0 0 4
xxx1x1x00 0 0 4
xxx1xx001 0 0 5
xxx1xx00x 1 5 0
xxx1xx010 0 0 1
xxx1xx0x0 1 2 0
xxx1xx0xx 0 0 5
xxx1xx100 0 0 4
xxx1xxx00 1 6 0
xxx1xxx0x 0 0 5
xxx1xxxx0 0 0 4
xxxx00011 1 1 0
xxxx00101 1 2 0
xxxx00110 1 1 0
xxxx0011x 0 0 8
xxxx001x1 0 0 2
xxxx001xx 1 3 0
xxxx00x11 0 0 1
xxxx00x1x 1 2 0
xxxx00xx1 1 6 0
xxxx01001 1 1 0
xxxx01010 1 2 0
xxxx0101x 0 0 2
xxxx010x1 0 0 3
xxxx010xx 1 7 0
xxxx01100 1 1 0
xxxx0110x 0 0 2
xxxx011x0 0 0 1
xxxx01x01 0 0 3
xxxx01x0x 1 6 0
xxxx01x10 0 0 2
xxxx01xx0 1 6 0
xxxx01xxx 0 0 8
xxxx0x011 0 0 1
xxxx0x01x 1 2 0
xxxx0x0x1 1 5 0
xxxx0x101 0 0 2
xxxx0x10x 1 3 0
xxxx0x110 0 0 5
xxxx0x1x0 1 5 0
xxxx0x1xx 0 0 8
xxxx0xx01 1 2 0
xxxx0xx10 1 2 0
xxxx0xx1x 0 0 8
xxxx0xxx1 0 0 5
xxxx0xxxx 1 5 0
xxxx10001 1 1 0
xxxx10010 1 2 0
xxxx1001x 0 0 1
xxxx100x1 0 0 7
xxxx100xx 1 8 0
xxxx10100 1 1 0
xxxx1010x 0 0 3
xxxx101x0 0 0 1
xxxx10x01 0 0 2
xxxx10x0x 1 8 0
xxxx10x10 0 0 6
xxxx10xx0 1 7 0
xxxx10xxx 0 0 7
xxxx11000 1 1 0
xxxx1100x 0 0 3
xxxx110x0 0 0 3
xxxx11x00 0 0 2
xxxx1x001 0 0 5
xxxx1x00x 1 8 0
xxxx1x010 0 0 5
xxxx1x0x0 1 7 0
xxxx1x0xx 0 0 3
xxxx1x100 0 0 3
xxxx1xx00 1 5 0
xxxx1xx0x 0 0 5
xxxx1xxx0 0 0 5
xxxxx0011 0 0 1
xxxxx001x 1 2 0
xxxxx00x1 1 4 0
xxxxx0101 0 0 2
xxxxx010x 1 3 0
xxxxx0110 0 0 4
xxxxx01x0 1 3 0
xxxxx01xx 0 0 2
xxxxx0x01 1 4 0
xxxxx0x10 1 2 0
xxxxx0x1x 0 0 1
xxxxx0xx1 0 0 7
xxxxx0xxx 1 7 0
xxxxx1001 0 0 3
xxxxx100x 1 3 0
xxxxx1010 0 0 4
xxxxx10x0 1 7 0
xxxxx10xx 0 0 3
xxxxx1100 0 0 4
xxxxx1x00 1 6 0
xxxxx1x0x 0 0 3
xxxxx1xx0 0 0 4
xxxxxx001 1 4 0
xxxxxx010 1 2 0
xxxxxx01x 0 0 3
xxxxxx0x1 0 0 3
xxxxxx0xx 1 7 0
xxxxxx100 1 5 0
xxxxxx10x 0 0 2
xxxxxx1x0 0 0 4
xxxxxxx01 0 0 5
xxxxxxx0x 1 5 0
xxxxxxx10 0 0 4
xxxxxxxx0 1 5 0
xxxxxxxxx 0 0 2
